MutationType	DBS78A	DBS78B	DBS78C
AC>CA	1.01E-04	8.68E-05	1.21E-04
AC>CG	6.10E-05	7.37E-05	7.03E-05
AC>CT	9.63E-05	1.13E-04	1.25E-04
AC>GA	1.15E-04	1.24E-04	1.23E-04
AC>GG	8.74E-05	1.05E-04	8.94E-05
AC>GT	1.87E-04	2.06E-04	2.24E-04
AC>TA	7.15E-05	9.04E-05	8.83E-05
AC>TG	7.59E-05	9.34E-05	1.03E-04
AC>TT	1.23E-04	1.29E-04	1.36E-04
AT>CA	1.01E-04	1.01E-04	1.26E-04
AT>CC	1.02E-04	1.20E-04	9.69E-05
AT>CG	4.26E-05	7.09E-05	7.05E-05
AT>GA	1.24E-04	1.28E-04	1.38E-04
AT>GC	1.30E-04	1.21E-04	1.46E-04
AT>TA	5.73E-05	7.74E-05	7.52E-05
CC>AA	2.31E-04	2.50E-04	2.71E-04
CC>AG	1.12E-04	1.48E-04	1.50E-04
CC>AT	1.45E-04	1.65E-04	1.71E-04
CC>GA	8.47E-05	1.04E-04	1.11E-04
CC>GG	1.12E-04	1.29E-04	1.25E-04
CC>GT	1.22E-04	1.35E-04	1.45E-04
CC>TA	1.03E-04	1.56E-04	1.49E-04
CC>TG	1.70E-04	1.89E-04	2.11E-04
CC>TT	1.63E-04	1.90E-04	1.77E-04
CG>AT	6.24E-05	7.52E-05	4.28E-05
CG>GC	3.65E-05	3.27E-05	2.83E-05
CG>GT	6.17E-05	3.29E-05	7.15E-05
CG>TA	1.22E-04	1.32E-04	1.27E-04
CG>TC	9.23E-05	1.26E-04	1.37E-04
CG>TT	1.37E-04	1.51E-04	1.40E-04
CT>AA	1.18E-04	1.40E-04	1.42E-04
CT>AC	1.13E-04	1.38E-04	1.25E-04
CT>AG	9.65E-05	8.25E-05	1.12E-04
CT>GA	9.52E-05	1.14E-04	1.24E-04
CT>GC	1.19E-04	1.22E-04	1.38E-04
CT>GG	1.22E-04	1.41E-04	1.31E-04
CT>TA	1.07E-04	1.18E-04	1.34E-04
CT>TC	1.56E-04	1.79E-04	1.95E-04
CT>TG	1.71E-04	2.23E-04	2.16E-04
GC>AA	1.45E-04	1.67E-04	1.62E-04
GC>AG	1.39E-04	1.87E-04	1.47E-04
GC>AT	1.29E-04	1.49E-04	1.45E-04
GC>CA	8.30E-05	9.81E-05	9.18E-05
GC>CG	6.26E-10	2.20E-05	4.00E-05
GC>TA	5.03E-05	6.65E-05	5.74E-05
TA>AT	6.35E-05	6.53E-05	7.06E-05
TA>CG	9.76E-05	1.04E-04	1.15E-04
TA>CT	9.38E-05	1.23E-04	1.34E-04
TA>GC	4.92E-10	2.93E-05	3.27E-05
TA>GG	9.29E-05	1.07E-04	9.99E-05
TA>GT	7.07E-05	6.38E-05	8.31E-05
TC>AA	2.32E-04	2.56E-04	2.37E-04
TC>AG	1.11E-04	1.30E-04	1.40E-04
TC>AT	1.42E-04	1.77E-04	2.02E-04
TC>CA	1.29E-04	1.61E-04	1.58E-04
TC>CG	1.17E-04	1.31E-04	1.13E-04
TC>CT	1.59E-04	1.57E-04	1.95E-04
TC>GA	9.21E-05	1.10E-04	9.83E-05
TC>GG	7.86E-05	9.35E-05	1.00E-04
TC>GT	1.06E-04	1.11E-04	1.21E-04
TG>AA	1.28E-04	1.51E-04	1.64E-04
TG>AC	8.91E-05	1.12E-04	1.20E-04
TG>AT	1.21E-04	1.45E-04	1.55E-04
TG>CA	3.93E-04	4.51E-04	4.59E-04
TG>CC	1.94E-04	2.04E-04	2.00E-04
TG>CT	1.78E-04	2.08E-04	2.22E-04
TG>GA	9.22E-05	1.14E-04	1.27E-04
TG>GC	7.44E-05	9.90E-05	9.59E-05
TG>GT	9.73E-05	1.14E-04	1.13E-04
TT>AA	1.33E-04	1.58E-04	1.32E-04
TT>AC	1.08E-04	1.03E-04	1.28E-04
TT>AG	7.23E-05	8.46E-05	9.13E-05
TT>CA	1.07E-04	1.36E-04	1.40E-04
TT>CC	1.32E-04	1.52E-04	1.62E-04
TT>CG	9.74E-05	9.62E-05	1.05E-04
TT>GA	9.81E-05	1.11E-04	7.88E-05
TT>GC	1.14E-04	1.39E-04	1.48E-04
TT>GG	1.20E-04	1.38E-04	1.42E-04
