NMF_Replicate	L1	L1 %	L2	L2 %	KL Divergence	Correlation	Convergence Iterations
1	347.205	3.363	65.823	2.829	0.002	0.999	20000.0
2	395.274	3.837	64.864	2.735	0.002	1.0	20000.0
3	421.878	4.103	77.999	3.301	0.002	0.999	20000.0
4	316.103	3.07	67.713	2.872	0.002	1.0	20000.0
5	370.154	3.604	66.376	2.803	0.002	0.999	20000.0
6	404.284	3.931	78.642	3.296	0.002	1.0	20000.0
7	452.169	4.399	102.718	4.353	0.002	0.999	20000.0
8	351.836	3.447	57.259	2.448	0.002	0.999	20000.0
9	387.519	3.761	79.232	3.336	0.002	1.0	20000.0
10	394.298	3.823	73.368	3.125	0.002	0.999	30000.0
11	400.834	3.918	72.731	3.096	0.002	1.0	50000.0
12	350.584	3.415	60.119	2.576	0.002	1.0	20000.0
13	403.81	3.926	67.809	2.878	0.002	1.0	20000.0
14	426.581	4.139	86.416	3.67	0.002	0.999	20000.0
15	275.273	2.668	45.854	1.95	0.001	1.0	20000.0
16	385.723	3.756	79.635	3.416	0.002	1.0	20000.0
17	378.719	3.685	58.729	2.475	0.002	1.0	20000.0
18	382.759	3.746	65.374	2.803	0.002	1.0	30000.0
19	371.829	3.63	60.06	2.575	0.002	1.0	20000.0
20	356.797	3.498	65.815	2.801	0.002	0.999	20000.0
21	388.684	3.777	66.376	2.783	0.002	1.0	20000.0
22	373.002	3.631	71.405	2.981	0.002	0.999	20000.0
23	408.974	3.999	81.394	3.441	0.002	0.999	20000.0
24	350.677	3.423	67.561	2.841	0.002	0.999	30000.0
25	382.973	3.729	65.3	2.723	0.002	0.999	20000.0
26	409.826	3.987	68.768	2.891	0.002	0.999	20000.0
27	350.147	3.394	73.954	3.146	0.002	0.999	20000.0
28	385.881	3.764	68.18	2.884	0.002	0.999	20000.0
29	432.992	4.226	95.665	4.092	0.002	0.999	30000.0
30	384.312	3.746	65.965	2.757	0.003	0.999	20000.0
31	391.995	3.802	86.254	3.659	0.002	0.999	40000.0
32	402.202	3.926	76.629	3.256	0.002	0.999	20000.0
33	404.225	3.942	68.883	2.918	0.002	0.999	20000.0
34	441.886	4.323	103.206	4.368	0.002	0.999	30000.0
35	363.457	3.525	67.94	2.914	0.002	0.999	20000.0
36	410.204	3.993	81.107	3.403	0.002	0.999	20000.0
37	381.535	3.712	67.736	2.858	0.002	1.0	20000.0
38	402.897	3.924	84.052	3.579	0.002	0.999	20000.0
39	471.927	4.613	83.327	3.544	0.003	0.999	20000.0
40	332.141	3.223	75.746	3.203	0.002	0.999	30000.0
41	388.284	3.772	81.308	3.421	0.002	1.0	20000.0
42	418.068	4.064	76.478	3.24	0.002	1.0	20000.0
43	443.113	4.31	84.652	3.576	0.002	0.999	20000.0
44	419.152	4.097	77.994	3.285	0.002	0.999	20000.0
45	407.665	3.954	84.346	3.564	0.003	0.999	20000.0
46	371.29	3.609	59.376	2.479	0.002	1.0	20000.0
47	344.51	3.356	55.122	2.308	0.002	0.999	20000.0
48	435.837	4.237	76.58	3.228	0.002	1.0	40000.0
49	407.738	3.963	61.481	2.6	0.002	1.0	20000.0
50	374.699	3.635	63.164	2.668	0.002	0.999	40000.0
51	454.214	4.406	82.752	3.51	0.002	0.999	40000.0
52	439.046	4.268	90.996	3.872	0.002	0.999	20000.0
53	386.074	3.777	66.606	2.866	0.002	0.999	50000.0
54	454.095	4.418	78.068	3.263	0.003	0.999	20000.0
55	390.828	3.83	78.967	3.411	0.002	0.999	20000.0
56	355.621	3.489	63.661	2.77	0.002	0.999	20000.0
57	404.953	3.938	75.169	3.166	0.002	1.0	30000.0
58	410.737	4.02	73.057	3.119	0.002	0.999	20000.0
59	360.421	3.503	76.907	3.226	0.002	1.0	30000.0
60	424.694	4.118	79.164	3.356	0.002	0.999	40000.0
61	407.583	3.966	69.141	2.915	0.002	0.999	20000.0
62	410.308	3.992	67.614	2.834	0.003	0.999	20000.0
63	444.66	4.343	72.191	3.104	0.002	1.0	30000.0
64	364.036	3.563	72.371	3.073	0.002	0.999	40000.0
65	354.578	3.435	65.872	2.812	0.002	0.999	30000.0
66	358.452	3.473	94.624	3.979	0.002	0.999	20000.0
67	348.089	3.407	57.769	2.483	0.002	1.0	30000.0
68	353.614	3.431	70.447	2.992	0.002	0.999	20000.0
69	362.437	3.532	59.484	2.486	0.002	0.999	20000.0
70	333.142	3.231	57.321	2.424	0.002	0.999	20000.0
71	354.639	3.437	65.682	2.765	0.002	0.999	20000.0
72	351.805	3.414	70.476	2.987	0.002	0.999	20000.0
73	395.887	3.868	69.842	2.945	0.002	0.999	20000.0
74	368.957	3.588	63.688	2.679	0.002	1.0	20000.0
75	386.236	3.768	68.121	2.841	0.002	0.999	40000.0
76	329.742	3.209	57.151	2.427	0.002	1.0	20000.0
77	417.029	4.078	74.534	3.136	0.002	1.0	30000.0
78	352.029	3.425	54.978	2.338	0.002	1.0	30000.0
79	424.515	4.147	70.763	2.991	0.002	0.999	20000.0
80	446.616	4.338	76.201	3.223	0.002	1.0	30000.0
81	384.037	3.732	61.378	2.57	0.002	1.0	20000.0
82	415.251	4.045	73.989	3.093	0.002	0.999	30000.0
83	450.916	4.386	94.919	3.943	0.002	0.999	20000.0
84	303.822	2.947	51.75	2.205	0.002	1.0	20000.0
85	395.479	3.848	67.34	2.867	0.002	1.0	20000.0
86	362.301	3.514	78.45	3.334	0.002	0.999	20000.0
87	427.871	4.162	89.707	3.83	0.002	1.0	50000.0
88	424.092	4.118	82.331	3.479	0.002	1.0	20000.0
89	360.268	3.495	62.317	2.66	0.002	0.999	30000.0
90	452.917	4.405	92.351	3.939	0.002	1.0	30000.0
91	336.038	3.293	54.548	2.338	0.002	0.999	20000.0
92	401.893	3.898	80.381	3.439	0.002	0.999	20000.0
93	433.815	4.215	88.357	3.752	0.002	0.999	20000.0
94	415.728	4.058	72.956	3.058	0.002	0.999	20000.0
95	355.326	3.447	64.295	2.727	0.002	0.999	20000.0
96	340.747	3.328	57.734	2.465	0.002	1.0	20000.0
97	344.201	3.339	67.319	2.845	0.002	0.999	20000.0
98	363.469	3.527	80.469	3.39	0.002	0.999	30000.0
99	386.425	3.757	68.032	2.863	0.002	1.0	20000.0
100	336.936	3.285	59.973	2.516	0.002	0.999	20000.0
101	354.251	3.437	64.027	2.708	0.002	0.999	30000.0
102	312.733	3.03	51.112	2.158	0.002	0.999	20000.0
103	423.37	4.149	90.363	3.92	0.002	0.999	20000.0
104	434.057	4.221	70.671	2.969	0.002	1.0	30000.0
105	380.634	3.731	71.649	3.142	0.002	0.999	20000.0
106	352.778	3.427	63.06	2.681	0.002	1.0	20000.0
107	347.168	3.38	56.71	2.35	0.002	1.0	20000.0
108	384.491	3.753	64.678	2.731	0.002	0.999	20000.0
109	370.996	3.634	64.128	2.738	0.002	0.999	20000.0
110	436.709	4.259	96.826	4.152	0.002	0.999	20000.0
111	456.675	4.431	77.513	3.246	0.002	0.999	30000.0
112	402.871	3.94	64.421	2.752	0.002	0.999	20000.0
113	389.731	3.781	76.189	3.228	0.002	0.999	20000.0
114	332.992	3.242	58.355	2.461	0.001	0.999	20000.0
115	425.903	4.164	69.219	2.93	0.002	1.0	20000.0
116	342.599	3.353	65.492	2.803	0.002	0.999	40000.0
117	437.966	4.259	78.215	3.299	0.002	0.999	20000.0
118	346.882	3.362	60.031	2.543	0.002	0.999	20000.0
119	371.838	3.615	69.933	2.946	0.002	1.0	20000.0
120	376.731	3.68	62.932	2.652	0.002	1.0	30000.0
121	385.114	3.764	59.812	2.564	0.002	1.0	30000.0
122	333.7	3.253	58.221	2.432	0.002	0.999	20000.0
123	404.415	3.948	66.412	2.8	0.002	0.999	30000.0
124	430.724	4.204	85.748	3.659	0.002	0.999	20000.0
125	355.732	3.464	67.254	2.83	0.002	0.999	20000.0
126	377.27	3.658	71.727	3.036	0.002	0.999	30000.0
127	334.051	3.237	60.589	2.575	0.002	0.999	20000.0
128	369.501	3.585	65.208	2.76	0.002	1.0	20000.0
129	410.173	3.979	80.724	3.425	0.002	0.999	30000.0
130	363.057	3.537	66.096	2.792	0.002	0.999	20000.0
131	387.414	3.786	60.169	2.569	0.002	1.0	20000.0
132	369.273	3.579	67.374	2.848	0.002	0.999	20000.0
133	448.485	4.356	80.262	3.365	0.002	0.999	20000.0
134	360.908	3.512	68.607	2.943	0.002	1.0	30000.0
135	331.791	3.247	55.795	2.402	0.002	1.0	20000.0
136	434.848	4.221	86.874	3.679	0.002	0.999	40000.0
137	348.45	3.383	60.022	2.537	0.002	1.0	20000.0
138	313.064	3.036	51.259	2.18	0.002	1.0	30000.0
139	374.201	3.655	73.731	3.114	0.002	0.999	30000.0
140	468.064	4.578	81.214	3.419	0.002	0.999	40000.0
141	328.693	3.208	61.761	2.583	0.002	0.999	20000.0
142	372.113	3.608	68.98	2.932	0.002	0.999	20000.0
143	419.898	4.078	86.253	3.671	0.002	0.999	20000.0
144	348.012	3.396	62.419	2.614	0.002	0.999	20000.0
145	336.109	3.274	60.947	2.524	0.002	0.999	20000.0
146	399.381	3.891	69.351	2.886	0.002	0.999	30000.0
147	359.737	3.505	59.059	2.5	0.002	0.999	30000.0
148	426.291	4.149	74.389	3.137	0.002	0.999	30000.0
149	357.183	3.475	65.628	2.772	0.002	0.999	20000.0
150	404.066	3.919	76.631	3.284	0.002	0.999	20000.0
151	380.712	3.721	61.402	2.608	0.002	1.0	20000.0
152	393.324	3.825	101.572	4.328	0.002	0.999	50000.0
153	337.515	3.274	67.62	2.845	0.002	0.999	20000.0
154	385.678	3.742	68.219	2.901	0.002	0.999	20000.0
155	386.428	3.754	78.194	3.283	0.002	1.0	20000.0
156	402.444	3.931	61.667	2.612	0.003	1.0	30000.0
157	406.94	3.958	69.116	2.911	0.002	1.0	30000.0
158	333.735	3.268	54.407	2.351	0.002	1.0	20000.0
159	338.981	3.296	57.631	2.431	0.002	1.0	20000.0
160	351.661	3.447	54.574	2.351	0.002	0.999	20000.0
161	349.848	3.414	61.877	2.607	0.002	0.999	40000.0
162	376.184	3.66	70.128	2.993	0.002	1.0	20000.0
163	383.169	3.732	73.689	3.06	0.003	0.999	40000.0
164	401.747	3.898	73.379	3.093	0.002	0.999	50000.0
165	413.589	4.023	74.37	3.079	0.002	0.999	20000.0
166	365.139	3.557	64.637	2.713	0.002	0.999	20000.0
167	454.161	4.409	88.567	3.758	0.002	0.999	20000.0
168	420.892	4.088	81.156	3.435	0.002	0.999	20000.0
169	450.513	4.403	75.992	3.247	0.003	0.999	40000.0
170	426.321	4.14	92.144	3.886	0.002	0.999	20000.0
171	457.331	4.446	77.311	3.25	0.002	1.0	20000.0
172	377.077	3.661	72.355	3.059	0.002	0.999	20000.0
173	402.346	3.907	65.576	2.769	0.002	1.0	20000.0
174	426.139	4.149	83.335	3.552	0.002	1.0	20000.0
175	303.047	2.942	50.316	2.129	0.002	1.0	20000.0
176	371.938	3.622	64.532	2.695	0.002	0.999	20000.0
177	367.558	3.563	80.241	3.415	0.002	0.999	20000.0
178	379.42	3.72	70.079	3.031	0.002	0.999	20000.0
179	316.556	3.069	59.901	2.542	0.002	1.0	30000.0
180	387.227	3.782	61.95	2.615	0.002	0.999	20000.0
181	385.626	3.774	68.739	2.922	0.002	1.0	30000.0
182	289.318	2.802	51.292	2.177	0.002	1.0	20000.0
183	376.863	3.69	65.202	2.798	0.002	1.0	20000.0
184	370.091	3.601	65.342	2.738	0.002	0.999	30000.0
185	376.352	3.668	73.349	3.076	0.002	0.999	20000.0
186	380.544	3.72	62.219	2.627	0.002	1.0	30000.0
187	366.385	3.556	58.866	2.491	0.002	1.0	30000.0
188	352.901	3.44	61.139	2.549	0.002	0.999	20000.0
189	398.676	3.894	66.481	2.807	0.002	1.0	40000.0
190	391.673	3.799	71.468	3.065	0.002	0.999	30000.0
191	464.702	4.538	85.948	3.695	0.002	0.999	30000.0
192	401.965	3.911	74.623	3.183	0.002	1.0	20000.0
193	385.599	3.739	70.297	2.98	0.002	0.999	30000.0
194	391.765	3.826	66.616	2.805	0.002	0.999	30000.0
195	423.584	4.116	83.207	3.526	0.002	0.999	30000.0
196	320.578	3.106	59.092	2.54	0.001	0.999	20000.0
197	435.236	4.261	78.006	3.336	0.002	0.999	20000.0
198	324.691	3.169	54.468	2.324	0.002	0.999	20000.0
199	376.761	3.651	76.401	3.252	0.002	0.999	30000.0
200	402.985	3.918	82.682	3.486	0.002	0.999	20000.0
201	376.715	3.68	66.477	2.802	0.002	0.999	20000.0
202	375.93	3.652	74.295	3.132	0.002	1.0	20000.0
203	413.782	4.037	82.056	3.461	0.002	0.999	30000.0
204	395.341	3.852	72.176	3.063	0.002	1.0	40000.0
205	361.187	3.518	63.775	2.658	0.002	0.999	20000.0
206	357.684	3.495	67.234	2.819	0.002	1.0	20000.0
207	345.154	3.352	65.37	2.783	0.002	1.0	20000.0
208	387.369	3.754	71.296	3.001	0.002	0.999	20000.0
209	395.791	3.843	80.803	3.423	0.002	0.999	20000.0
210	420.651	4.084	71.371	3.005	0.002	0.999	30000.0
211	329.886	3.212	56.06	2.354	0.002	0.999	20000.0
212	411.367	4.018	64.394	2.737	0.002	1.0	30000.0
213	370.296	3.587	76.972	3.284	0.002	0.999	40000.0
214	366.434	3.554	76.439	3.188	0.002	0.999	20000.0
215	380.559	3.688	64.919	2.744	0.002	0.999	20000.0
216	356.795	3.456	64.658	2.739	0.002	0.999	30000.0
217	410.157	3.979	79.599	3.351	0.002	0.999	20000.0
218	361.167	3.508	81.742	3.441	0.002	1.0	30000.0
219	433.771	4.23	89.112	3.795	0.002	0.999	20000.0
220	366.635	3.562	58.657	2.472	0.002	1.0	20000.0
221	437.519	4.285	75.804	3.237	0.003	0.999	20000.0
222	429.72	4.196	72.042	3.048	0.002	0.999	20000.0
223	409.591	3.996	77.183	3.281	0.002	0.999	20000.0
224	354.488	3.438	56.85	2.378	0.002	1.0	20000.0
225	382.971	3.727	64.106	2.719	0.002	1.0	20000.0
226	343.413	3.33	60.731	2.571	0.002	0.999	20000.0
227	423.247	4.109	83.764	3.521	0.002	0.999	20000.0
228	422.2	4.109	90.013	3.846	0.002	0.999	30000.0
229	345.43	3.363	56.097	2.352	0.002	1.0	20000.0
230	427.819	4.188	80.143	3.458	0.002	0.999	30000.0
231	321.147	3.12	71.7	3.052	0.001	0.999	30000.0
232	337.475	3.309	66.829	2.895	0.002	0.999	20000.0
233	406.796	3.966	68.997	2.912	0.002	1.0	20000.0
234	360.498	3.525	70.383	2.997	0.002	1.0	30000.0
235	352.951	3.427	58.163	2.451	0.002	1.0	30000.0
236	351.367	3.428	62.98	2.675	0.002	0.999	30000.0
237	354.18	3.431	65.994	2.814	0.002	0.999	20000.0
238	344.153	3.335	66.811	2.825	0.002	0.999	30000.0
239	333.765	3.272	56.635	2.467	0.002	0.999	20000.0
240	393.802	3.82	75.254	3.197	0.002	0.999	30000.0
241	342.633	3.331	56.635	2.376	0.002	1.0	20000.0
242	328.695	3.197	63.42	2.665	0.002	1.0	20000.0
243	398.424	3.891	67.51	2.89	0.002	1.0	20000.0
244	420.399	4.098	66.008	2.793	0.003	1.0	20000.0
245	376.377	3.646	69.891	2.962	0.002	0.999	20000.0
246	368.208	3.569	76.614	3.264	0.002	0.999	20000.0
247	395.506	3.867	68.192	2.89	0.002	1.0	20000.0
248	337.208	3.27	68.663	2.902	0.001	0.999	30000.0
249	426.8	4.138	80.708	3.388	0.002	0.999	20000.0
250	412.535	4.01	76.509	3.21	0.002	1.0	20000.0
251	404.114	3.918	74.519	3.199	0.002	0.999	30000.0
252	354.592	3.45	62.456	2.623	0.002	1.0	40000.0
253	362.531	3.519	65.215	2.741	0.002	0.999	20000.0
254	394.878	3.835	69.615	2.959	0.002	0.999	20000.0
255	381.475	3.71	78.346	3.33	0.002	1.0	20000.0
256	398.66	3.877	66.552	2.795	0.002	1.0	20000.0
257	437.607	4.283	85.499	3.621	0.002	0.999	20000.0
258	452.456	4.428	88.245	3.742	0.002	0.999	20000.0
259	434.567	4.229	77.469	3.252	0.002	0.999	20000.0
260	334.103	3.236	52.192	2.203	0.002	0.999	30000.0
261	484.441	4.709	112.209	4.747	0.002	0.999	40000.0
262	430.857	4.186	83.026	3.502	0.002	1.0	20000.0
263	322.957	3.135	53.536	2.28	0.002	1.0	20000.0
264	407.269	3.973	88.76	3.8	0.002	1.0	20000.0
265	450.727	4.382	79.153	3.326	0.002	1.0	20000.0
266	365.066	3.55	64.84	2.761	0.002	1.0	30000.0
267	366.203	3.579	63.347	2.695	0.002	1.0	30000.0
268	371.858	3.623	72.124	2.981	0.002	0.999	30000.0
269	363.832	3.528	65.813	2.77	0.002	0.999	20000.0
270	376.65	3.68	64.19	2.715	0.002	1.0	20000.0
271	486.946	4.727	80.53	3.414	0.003	0.999	20000.0
272	376.797	3.659	64.369	2.728	0.002	1.0	20000.0
273	383.079	3.749	69.145	2.958	0.002	1.0	30000.0
274	399.165	3.894	73.811	3.149	0.002	1.0	30000.0
275	348.531	3.383	62.33	2.626	0.002	0.999	20000.0
276	469.793	4.573	86.261	3.684	0.002	0.999	30000.0
277	381.707	3.711	71.118	3.012	0.002	1.0	30000.0
278	447.711	4.379	85.988	3.695	0.002	0.999	30000.0
279	389.287	3.814	73.769	3.165	0.002	0.999	20000.0
280	366.085	3.546	70.584	3.012	0.002	0.999	20000.0
281	326.788	3.166	55.457	2.345	0.002	0.999	20000.0
282	426.239	4.163	75.691	3.211	0.002	0.999	20000.0
283	447.141	4.379	78.75	3.37	0.002	0.999	30000.0
284	372.368	3.638	63.489	2.681	0.002	1.0	20000.0
285	453.973	4.409	82.411	3.469	0.002	0.999	20000.0
286	412.591	4.037	70.421	2.966	0.002	1.0	20000.0
287	350.205	3.395	62.364	2.671	0.002	0.999	20000.0
288	355.131	3.455	58.679	2.5	0.002	1.0	30000.0
289	306.969	2.981	51.917	2.192	0.001	1.0	20000.0
290	505.309	4.911	90.746	3.806	0.003	0.999	20000.0
291	458.029	4.472	80.886	3.453	0.002	0.999	20000.0
292	391.197	3.808	60.628	2.555	0.002	0.999	20000.0
293	373.359	3.637	61.868	2.651	0.002	1.0	20000.0
294	428.053	4.17	81.985	3.484	0.002	1.0	30000.0
295	387.337	3.794	78.006	3.348	0.002	0.999	20000.0
296	408.873	3.998	74.329	3.13	0.002	1.0	20000.0
297	333.28	3.244	53.727	2.288	0.002	1.0	30000.0
298	440.95	4.283	97.091	4.066	0.002	0.999	20000.0
299	301.965	2.961	56.404	2.44	0.002	0.999	20000.0
300	345.538	3.371	55.418	2.326	0.002	0.999	20000.0
301	438.209	4.255	89.682	3.845	0.002	0.999	20000.0
302	371.516	3.607	69.636	2.964	0.002	1.0	20000.0
303	378.526	3.701	62.653	2.668	0.002	1.0	20000.0
304	362.974	3.555	58.794	2.521	0.002	1.0	20000.0
305	488.311	4.761	92.585	3.977	0.003	0.999	20000.0
306	375.126	3.661	63.189	2.624	0.002	0.999	30000.0
307	400.644	3.918	66.374	2.806	0.002	1.0	30000.0
308	464.108	4.521	91.356	3.921	0.002	1.0	30000.0
309	367.757	3.572	74.807	3.213	0.002	0.999	30000.0
310	420.792	4.118	71.2	3.037	0.002	0.999	20000.0
311	401.797	3.912	78.781	3.318	0.002	0.999	20000.0
312	402.221	3.907	77.17	3.269	0.002	1.0	20000.0
313	372.081	3.631	57.795	2.42	0.002	0.999	20000.0
314	392.662	3.813	73.023	3.086	0.002	1.0	20000.0
315	322.8	3.127	67.109	2.87	0.002	0.999	30000.0
316	423.816	4.117	81.505	3.423	0.002	1.0	20000.0
317	403.246	3.925	71.383	2.999	0.002	0.999	20000.0
318	342.088	3.324	61.758	2.597	0.002	1.0	20000.0
319	420.07	4.107	77.003	3.29	0.002	0.999	20000.0
320	419.954	4.073	70.629	3.007	0.002	0.999	40000.0
321	377.201	3.682	66.668	2.811	0.002	0.999	30000.0
322	405.998	3.966	70.467	2.967	0.002	0.999	30000.0
323	405.0	3.938	83.525	3.496	0.002	0.999	20000.0
324	445.363	4.357	78.396	3.321	0.002	1.0	30000.0
325	429.997	4.179	71.002	3.035	0.002	0.999	40000.0
326	397.417	3.876	73.201	3.068	0.002	0.999	30000.0
327	462.682	4.499	85.399	3.589	0.002	0.999	30000.0
328	454.362	4.413	74.262	3.165	0.003	0.999	20000.0
329	377.649	3.674	70.664	2.963	0.002	0.999	20000.0
330	340.114	3.328	56.443	2.444	0.002	1.0	20000.0
331	350.286	3.394	67.401	2.835	0.002	0.999	30000.0
332	413.696	4.048	81.01	3.493	0.002	0.999	20000.0
333	388.357	3.802	61.872	2.66	0.002	1.0	30000.0
334	344.573	3.357	58.103	2.446	0.002	0.999	20000.0
335	394.374	3.866	75.508	3.247	0.002	0.999	30000.0
336	422.327	4.099	85.71	3.652	0.002	0.999	20000.0
337	408.749	3.967	83.306	3.543	0.002	0.999	20000.0
338	390.273	3.807	65.895	2.768	0.002	0.999	20000.0
339	411.038	3.984	78.989	3.337	0.002	0.999	20000.0
340	455.883	4.439	101.01	4.335	0.002	0.999	30000.0
341	493.248	4.826	85.671	3.636	0.003	0.999	30000.0
342	370.799	3.608	71.019	3.021	0.002	1.0	20000.0
343	456.403	4.441	93.58	3.909	0.002	0.999	20000.0
344	370.106	3.592	68.801	2.938	0.002	0.999	20000.0
345	446.78	4.349	89.117	3.789	0.002	0.999	30000.0
346	335.983	3.256	59.289	2.51	0.002	0.999	30000.0
347	390.926	3.814	68.342	2.921	0.002	1.0	20000.0
348	413.845	4.031	71.591	3.052	0.002	1.0	80000.0
349	389.83	3.801	74.297	3.095	0.002	0.999	20000.0
350	475.081	4.647	88.109	3.738	0.002	0.999	20000.0
351	343.384	3.347	58.486	2.452	0.002	0.999	20000.0
352	329.539	3.22	58.941	2.479	0.002	1.0	30000.0
353	359.112	3.499	58.725	2.467	0.002	0.999	30000.0
354	443.847	4.314	101.666	4.234	0.002	0.999	20000.0
355	406.004	3.94	75.386	3.149	0.002	0.999	20000.0
356	341.238	3.306	67.739	2.84	0.002	0.999	20000.0
357	337.237	3.28	60.585	2.59	0.002	1.0	20000.0
358	398.739	3.896	69.248	2.942	0.002	1.0	20000.0
359	364.906	3.539	67.688	2.883	0.002	0.999	20000.0
360	365.963	3.558	66.734	2.83	0.002	1.0	30000.0
361	405.717	3.974	67.897	2.894	0.002	0.999	20000.0
362	407.435	3.96	76.769	3.274	0.002	1.0	20000.0
363	371.283	3.613	60.646	2.574	0.002	1.0	40000.0
364	423.3	4.139	81.312	3.439	0.002	0.999	20000.0
365	377.201	3.66	66.64	2.806	0.002	0.999	20000.0
366	404.825	3.922	74.106	3.153	0.002	0.999	20000.0
367	333.07	3.227	76.275	3.225	0.002	0.999	40000.0
368	420.47	4.083	78.56	3.291	0.002	1.0	30000.0
369	379.687	3.684	64.158	2.751	0.002	0.999	40000.0
370	341.569	3.326	53.243	2.227	0.002	1.0	30000.0
371	321.75	3.127	49.372	2.1	0.002	1.0	30000.0
372	476.934	4.662	104.485	4.517	0.003	0.999	30000.0
373	411.777	3.997	104.408	4.397	0.002	0.999	20000.0
374	415.66	4.046	74.839	3.179	0.002	1.0	40000.0
375	310.393	3.027	48.691	2.028	0.002	1.0	20000.0
376	301.286	2.951	50.187	2.173	0.002	1.0	30000.0
377	404.173	3.932	68.616	2.89	0.002	0.999	40000.0
378	399.163	3.899	74.259	3.155	0.002	0.999	20000.0
379	429.47	4.168	72.681	3.073	0.002	0.999	20000.0
380	447.039	4.341	90.651	3.838	0.002	0.999	40000.0
381	336.67	3.286	62.5	2.655	0.001	1.0	30000.0
382	329.215	3.19	53.338	2.256	0.002	0.999	20000.0
383	430.1	4.19	85.211	3.638	0.002	0.999	30000.0
384	431.714	4.205	89.027	3.824	0.002	1.0	50000.0
385	357.192	3.471	65.153	2.756	0.002	1.0	30000.0
386	331.959	3.241	48.673	2.074	0.002	1.0	20000.0
387	435.91	4.24	77.953	3.325	0.002	0.999	30000.0
388	412.009	4.012	73.974	3.167	0.002	1.0	30000.0
389	398.804	3.877	84.342	3.551	0.002	1.0	20000.0
390	363.604	3.525	76.868	3.236	0.002	0.999	20000.0
391	332.966	3.228	62.679	2.659	0.002	0.999	20000.0
392	341.997	3.313	72.187	3.058	0.002	0.999	30000.0
393	440.65	4.276	80.667	3.371	0.003	0.999	30000.0
394	357.949	3.483	63.492	2.691	0.001	0.999	20000.0
395	342.406	3.321	60.87	2.59	0.002	1.0	30000.0
396	437.422	4.281	79.925	3.374	0.002	0.999	40000.0
397	341.323	3.32	60.151	2.52	0.002	1.0	20000.0
398	451.381	4.388	78.181	3.305	0.002	0.999	20000.0
399	341.997	3.331	57.731	2.478	0.002	0.999	30000.0
400	354.093	3.472	60.499	2.588	0.002	0.999	30000.0
401	438.059	4.271	80.9	3.458	0.002	1.0	30000.0
402	446.201	4.337	86.614	3.604	0.003	0.999	20000.0
403	383.572	3.723	67.467	2.859	0.002	0.999	20000.0
404	321.05	3.124	48.916	2.027	0.002	1.0	20000.0
405	353.488	3.426	60.138	2.544	0.002	0.999	20000.0
406	483.573	4.704	92.239	3.966	0.002	0.999	20000.0
407	395.222	3.845	65.307	2.731	0.002	0.999	40000.0
408	420.175	4.105	70.835	2.956	0.002	0.999	20000.0
409	424.722	4.13	91.768	3.842	0.002	0.999	20000.0
410	419.894	4.1	80.395	3.439	0.002	0.999	30000.0
411	434.958	4.228	74.13	3.116	0.002	1.0	20000.0
412	387.593	3.79	61.28	2.622	0.002	1.0	20000.0
413	383.013	3.718	72.007	3.059	0.002	0.999	20000.0
414	356.145	3.464	62.311	2.656	0.002	1.0	20000.0
415	408.602	3.998	77.849	3.314	0.002	0.999	20000.0
416	405.099	3.932	79.325	3.322	0.002	0.999	20000.0
417	375.099	3.664	68.728	2.913	0.002	0.999	20000.0
418	411.521	4.024	78.284	3.331	0.002	0.999	20000.0
419	402.795	3.907	78.107	3.268	0.002	0.999	20000.0
420	419.964	4.084	75.196	3.183	0.002	0.999	40000.0
421	307.426	2.984	54.957	2.32	0.002	1.0	20000.0
422	399.815	3.892	72.87	3.043	0.002	0.999	20000.0
423	334.762	3.266	61.626	2.588	0.002	0.999	20000.0
424	386.242	3.774	62.956	2.687	0.002	1.0	20000.0
425	447.44	4.345	89.452	3.729	0.002	0.999	20000.0
426	381.708	3.735	60.609	2.571	0.002	1.0	20000.0
427	412.627	4.035	85.765	3.664	0.002	0.999	20000.0
428	340.901	3.311	63.215	2.685	0.002	1.0	20000.0
429	407.672	3.953	75.724	3.208	0.002	0.999	20000.0
430	366.906	3.565	71.504	3.02	0.002	1.0	20000.0
431	447.49	4.364	97.716	4.227	0.002	0.999	20000.0
432	386.88	3.757	65.752	2.794	0.002	0.999	20000.0
433	330.43	3.215	57.35	2.437	0.002	1.0	30000.0
434	356.192	3.467	64.26	2.716	0.002	0.999	20000.0
435	401.279	3.893	84.47	3.564	0.002	0.999	30000.0
436	443.568	4.327	72.72	3.094	0.002	1.0	20000.0
437	334.827	3.248	66.013	2.802	0.002	0.999	20000.0
438	383.787	3.726	76.749	3.273	0.002	0.999	20000.0
439	417.996	4.091	91.247	3.947	0.002	0.999	20000.0
440	433.607	4.246	79.431	3.367	0.002	0.999	20000.0
441	380.015	3.702	62.662	2.646	0.002	0.999	30000.0
442	370.953	3.595	78.835	3.36	0.002	0.999	20000.0
443	401.66	3.931	75.106	3.223	0.002	0.999	20000.0
444	438.09	4.259	84.718	3.636	0.002	0.999	20000.0
445	425.403	4.133	83.924	3.532	0.002	1.0	20000.0
446	388.208	3.774	79.487	3.386	0.002	0.999	20000.0
447	412.578	4.014	79.972	3.389	0.002	0.999	30000.0
448	383.635	3.718	71.274	3.019	0.002	0.999	20000.0
449	380.922	3.696	74.76	3.201	0.002	0.999	20000.0
450	348.895	3.39	62.991	2.679	0.002	1.0	20000.0
451	358.513	3.473	75.185	3.205	0.002	0.999	20000.0
452	342.036	3.336	63.838	2.68	0.002	0.999	20000.0
453	362.994	3.55	67.466	2.875	0.002	1.0	30000.0
454	442.028	4.294	89.713	3.747	0.002	0.999	20000.0
455	363.506	3.559	62.317	2.633	0.002	1.0	30000.0
456	382.702	3.71	78.302	3.263	0.002	0.999	40000.0
457	372.313	3.651	67.473	2.922	0.002	0.999	20000.0
458	351.202	3.41	62.762	2.644	0.002	0.999	20000.0
459	339.814	3.302	77.317	3.272	0.001	1.0	30000.0
460	409.958	4.011	71.785	3.068	0.002	1.0	20000.0
461	425.095	4.145	83.762	3.567	0.002	1.0	20000.0
462	334.467	3.274	56.086	2.373	0.002	1.0	30000.0
463	423.935	4.108	86.588	3.645	0.002	0.999	20000.0
464	345.523	3.37	63.771	2.657	0.002	0.999	20000.0
465	356.226	3.459	61.813	2.617	0.002	1.0	20000.0
466	374.464	3.629	90.614	3.882	0.002	0.999	20000.0
467	420.896	4.088	71.112	3.012	0.002	1.0	20000.0
468	385.327	3.775	70.75	3.037	0.002	0.999	30000.0
469	425.495	4.146	89.117	3.817	0.002	0.999	20000.0
470	364.925	3.563	69.171	2.961	0.002	0.999	30000.0
471	382.407	3.749	65.834	2.829	0.002	0.999	40000.0
472	456.412	4.446	95.198	4.052	0.002	0.999	30000.0
473	311.826	3.023	52.511	2.233	0.002	1.0	30000.0
474	368.115	3.601	64.461	2.764	0.002	1.0	30000.0
475	317.378	3.075	75.513	3.2	0.002	0.999	20000.0
476	423.552	4.147	77.457	3.332	0.002	0.999	20000.0
477	422.545	4.11	79.787	3.4	0.002	0.999	20000.0
478	324.894	3.169	58.267	2.488	0.002	0.999	30000.0
479	383.449	3.725	87.771	3.713	0.002	0.999	20000.0
480	359.805	3.513	57.13	2.397	0.002	1.0	20000.0
481	397.89	3.884	72.976	3.115	0.002	1.0	30000.0
482	384.949	3.766	63.728	2.691	0.002	1.0	20000.0
483	377.132	3.666	68.089	2.868	0.002	1.0	20000.0
484	409.018	3.987	70.259	2.968	0.002	0.999	20000.0
485	331.426	3.217	53.348	2.27	0.002	1.0	20000.0
486	404.245	3.965	75.919	3.259	0.002	0.999	30000.0
487	355.981	3.463	58.818	2.502	0.002	1.0	20000.0
488	298.067	2.889	51.826	2.195	0.001	0.999	30000.0
489	375.27	3.649	71.472	3.028	0.002	1.0	20000.0
490	400.725	3.902	70.231	2.916	0.002	0.999	30000.0
491	335.037	3.285	52.285	2.251	0.002	0.999	30000.0
492	352.322	3.416	61.922	2.607	0.002	0.999	30000.0
493	412.883	4.003	111.087	4.67	0.002	0.999	20000.0
494	378.009	3.666	84.988	3.615	0.002	0.999	20000.0
495	339.998	3.306	61.291	2.612	0.002	1.0	20000.0
496	353.361	3.449	59.063	2.499	0.002	0.999	20000.0
497	396.362	3.878	62.791	2.689	0.002	1.0	20000.0
498	368.145	3.598	73.775	3.165	0.002	0.999	30000.0
499	344.579	3.362	56.42	2.373	0.002	0.999	20000.0
500	400.775	3.91	85.444	3.672	0.002	0.999	30000.0
