NMF_Replicate	L1	L1 %	L2	L2 %	KL Divergence	Correlation	Convergence Iterations
1	0.0	0.0	0.0	0.0	0.0	1.0	20000.0
2	0.0	0.0	0.0	0.0	0.0	1.0	20000.0
3	4.387	0.143	2.065	0.345	0.0	1.0	20000.0
4	1.235	0.04	0.745	0.128	0.0	1.0	20000.0
5	0.0	0.0	0.0	0.0	0.0	1.0	40000.0
6	0.355	0.011	0.251	0.042	0.0	1.0	30000.0
7	0.139	0.005	0.093	0.016	0.0	1.0	40000.0
8	0.0	0.0	0.0	0.0	0.0	1.0	30000.0
9	0.0	0.0	0.0	0.0	0.0	1.0	20000.0
10	0.445	0.015	0.314	0.054	0.0	1.0	20000.0
11	0.101	0.003	0.059	0.01	0.0	1.0	50000.0
12	0.001	0.0	0.001	0.0	0.0	1.0	30000.0
13	1.345	0.044	0.748	0.131	0.0	1.0	60000.0
14	1.394	0.046	0.678	0.115	0.0	1.0	40000.0
15	0.22	0.007	0.15	0.025	0.0	1.0	20000.0
16	0.0	0.0	0.0	0.0	0.0	1.0	20000.0
17	0.0	0.0	0.0	0.0	0.0	1.0	20000.0
18	3.752	0.122	1.956	0.333	0.0	1.0	30000.0
19	4.354	0.143	2.016	0.345	0.0	1.0	30000.0
20	0.0	0.0	0.0	0.0	0.0	1.0	20000.0
21	0.76	0.025	0.402	0.069	0.0	1.0	30000.0
22	0.0	0.0	0.0	0.0	0.0	1.0	50000.0
23	1.269	0.042	0.779	0.132	0.0	1.0	20000.0
24	1.288	0.042	0.565	0.094	0.0	1.0	40000.0
25	0.0	0.0	0.0	0.0	0.0	1.0	30000.0
26	0.0	0.0	0.0	0.0	0.0	1.0	20000.0
27	0.856	0.028	0.593	0.1	0.0	1.0	20000.0
28	0.333	0.011	0.235	0.039	0.0	1.0	20000.0
29	2.835	0.093	1.268	0.218	0.0	1.0	20000.0
30	0.605	0.02	0.336	0.055	0.0	1.0	30000.0
31	0.149	0.005	0.093	0.016	0.0	1.0	30000.0
32	0.0	0.0	0.0	0.0	0.0	1.0	20000.0
33	0.0	0.0	0.0	0.0	0.0	1.0	20000.0
34	4.603	0.151	2.42	0.407	0.0	1.0	20000.0
35	1.005	0.033	0.582	0.098	0.0	1.0	20000.0
36	0.382	0.012	0.27	0.046	0.0	1.0	20000.0
37	0.197	0.006	0.117	0.02	0.0	1.0	30000.0
38	0.249	0.008	0.173	0.029	0.0	1.0	30000.0
39	0.121	0.004	0.085	0.014	0.0	1.0	20000.0
40	0.0	0.0	0.0	0.0	0.0	1.0	30000.0
41	0.0	0.0	0.0	0.0	0.0	1.0	20000.0
42	2.893	0.095	1.579	0.267	0.0	1.0	30000.0
43	0.0	0.0	0.0	0.0	0.0	1.0	30000.0
44	0.0	0.0	0.0	0.0	0.0	1.0	20000.0
45	1.368	0.045	0.738	0.128	0.0	1.0	60000.0
46	0.0	0.0	0.0	0.0	0.0	1.0	20000.0
47	0.0	0.0	0.0	0.0	0.0	1.0	30000.0
48	0.0	0.0	0.0	0.0	0.0	1.0	20000.0
49	0.013	0.0	0.008	0.001	0.0	1.0	30000.0
50	0.889	0.029	0.629	0.108	0.0	1.0	20000.0
51	0.845	0.028	0.417	0.071	0.0	1.0	30000.0
52	0.0	0.0	0.0	0.0	0.0	1.0	20000.0
53	2.495	0.081	1.289	0.212	0.0	1.0	20000.0
54	0.948	0.031	0.607	0.105	0.0	1.0	30000.0
55	0.0	0.0	0.0	0.0	0.0	1.0	30000.0
56	0.525	0.017	0.269	0.046	0.0	1.0	30000.0
57	0.0	0.0	0.0	0.0	0.0	1.0	30000.0
58	0.0	0.0	0.0	0.0	0.0	1.0	20000.0
59	0.0	0.0	0.0	0.0	0.0	1.0	40000.0
60	0.324	0.011	0.219	0.038	0.0	1.0	20000.0
61	0.194	0.006	0.135	0.023	0.0	1.0	20000.0
62	0.0	0.0	0.0	0.0	0.0	1.0	30000.0
63	0.0	0.0	0.0	0.0	0.0	1.0	30000.0
64	0.0	0.0	0.0	0.0	0.0	1.0	20000.0
65	0.001	0.0	0.001	0.0	0.0	1.0	20000.0
66	0.186	0.006	0.114	0.019	0.0	1.0	30000.0
67	0.0	0.0	0.0	0.0	0.0	1.0	20000.0
68	1.097	0.036	0.568	0.097	0.0	1.0	40000.0
69	0.0	0.0	0.0	0.0	0.0	1.0	20000.0
70	1.773	0.058	0.94	0.163	0.0	1.0	30000.0
71	0.0	0.0	0.0	0.0	0.0	1.0	20000.0
72	0.0	0.0	0.0	0.0	0.0	1.0	30000.0
73	0.121	0.004	0.086	0.014	0.0	1.0	20000.0
74	1.365	0.045	0.886	0.156	0.0	1.0	60000.0
75	0.222	0.007	0.157	0.026	0.0	1.0	30000.0
76	0.402	0.013	0.247	0.042	0.0	1.0	50000.0
77	0.0	0.0	0.0	0.0	0.0	1.0	20000.0
78	0.729	0.024	0.479	0.084	0.0	1.0	40000.0
79	0.0	0.0	0.0	0.0	0.0	1.0	20000.0
80	0.0	0.0	0.0	0.0	0.0	1.0	30000.0
81	0.0	0.0	0.0	0.0	0.0	1.0	30000.0
82	1.986	0.065	0.986	0.17	0.0	1.0	30000.0
83	0.0	0.0	0.0	0.0	0.0	1.0	20000.0
84	1.861	0.061	0.86	0.145	0.0	1.0	20000.0
85	4.781	0.156	2.272	0.393	0.0	1.0	40000.0
86	3.065	0.101	1.829	0.311	0.0	1.0	30000.0
87	0.036	0.001	0.025	0.004	0.0	1.0	40000.0
88	0.0	0.0	0.0	0.0	0.0	1.0	50000.0
89	0.0	0.0	0.0	0.0	0.0	1.0	30000.0
90	1.219	0.04	0.639	0.105	0.0	1.0	50000.0
91	0.267	0.009	0.189	0.033	0.0	1.0	30000.0
92	1.171	0.039	0.53	0.089	0.0	1.0	20000.0
93	1.244	0.041	0.747	0.126	0.0	1.0	30000.0
94	2.095	0.069	1.032	0.174	0.0	1.0	20000.0
95	0.0	0.0	0.0	0.0	0.0	1.0	20000.0
96	0.0	0.0	0.0	0.0	0.0	1.0	30000.0
97	0.0	0.0	0.0	0.0	0.0	1.0	20000.0
98	0.641	0.021	0.341	0.057	0.0	1.0	30000.0
99	0.0	0.0	0.0	0.0	0.0	1.0	20000.0
100	0.334	0.011	0.195	0.032	0.0	1.0	90000.0
101	0.0	0.0	0.0	0.0	0.0	1.0	30000.0
102	0.923	0.03	0.609	0.106	0.0	1.0	30000.0
103	4.765	0.156	2.242	0.376	0.0	1.0	20000.0
104	0.0	0.0	0.0	0.0	0.0	1.0	30000.0
105	0.069	0.002	0.045	0.008	0.0	1.0	70000.0
106	0.0	0.0	0.0	0.0	0.0	1.0	30000.0
107	0.0	0.0	0.0	0.0	0.0	1.0	30000.0
108	2.298	0.075	0.982	0.166	0.0	1.0	30000.0
109	0.0	0.0	0.0	0.0	0.0	1.0	30000.0
110	0.0	0.0	0.0	0.0	0.0	1.0	40000.0
111	3.901	0.128	1.848	0.311	0.0	1.0	20000.0
112	0.0	0.0	0.0	0.0	0.0	1.0	40000.0
113	0.445	0.015	0.314	0.054	0.0	1.0	40000.0
114	0.667	0.022	0.471	0.08	0.0	1.0	20000.0
115	0.0	0.0	0.0	0.0	0.0	1.0	30000.0
116	0.0	0.0	0.0	0.0	0.0	1.0	20000.0
117	0.381	0.012	0.269	0.044	0.0	1.0	30000.0
118	1.929	0.063	0.991	0.167	0.0	1.0	40000.0
119	0.367	0.012	0.201	0.035	0.0	1.0	40000.0
120	0.01	0.0	0.007	0.001	0.0	1.0	20000.0
121	0.0	0.0	0.0	0.0	0.0	1.0	20000.0
122	0.807	0.027	0.518	0.087	0.0	1.0	20000.0
123	0.281	0.009	0.199	0.033	0.0	1.0	40000.0
124	0.812	0.027	0.434	0.071	0.0	1.0	30000.0
125	0.248	0.008	0.149	0.025	0.0	1.0	20000.0
126	0.8	0.026	0.565	0.095	0.0	1.0	20000.0
127	0.0	0.0	0.0	0.0	0.0	1.0	20000.0
128	0.0	0.0	0.0	0.0	0.0	1.0	20000.0
129	0.0	0.0	0.0	0.0	0.0	1.0	20000.0
130	0.342	0.011	0.214	0.037	0.0	1.0	20000.0
131	0.0	0.0	0.0	0.0	0.0	1.0	30000.0
132	0.308	0.01	0.192	0.032	0.0	1.0	30000.0
133	0.413	0.014	0.234	0.04	0.0	1.0	100000.0
134	0.064	0.002	0.042	0.007	0.0	1.0	70000.0
135	0.142	0.005	0.089	0.015	0.0	1.0	40000.0
136	0.089	0.003	0.059	0.01	0.0	1.0	30000.0
137	0.5	0.016	0.353	0.059	0.0	1.0	30000.0
138	3.556	0.117	1.828	0.312	0.0	1.0	20000.0
139	1.121	0.037	0.625	0.109	0.0	1.0	30000.0
140	2.503	0.082	1.314	0.225	0.0	1.0	30000.0
141	0.257	0.008	0.175	0.029	0.0	1.0	20000.0
142	0.0	0.0	0.0	0.0	0.0	1.0	30000.0
143	2.467	0.081	1.288	0.219	0.0	1.0	30000.0
144	0.0	0.0	0.0	0.0	0.0	1.0	20000.0
145	0.288	0.009	0.204	0.034	0.0	1.0	30000.0
146	0.0	0.0	0.0	0.0	0.0	1.0	20000.0
147	1.76	0.058	1.033	0.181	0.0	1.0	40000.0
148	0.0	0.0	0.0	0.0	0.0	1.0	30000.0
149	0.0	0.0	0.0	0.0	0.0	1.0	20000.0
150	0.012	0.001	0.008	0.001	0.0	1.0	30000.0
151	1.149	0.038	0.591	0.102	0.0	1.0	30000.0
152	0.0	0.0	0.0	0.0	0.0	1.0	20000.0
153	0.0	0.0	0.0	0.0	0.0	1.0	30000.0
154	0.0	0.0	0.0	0.0	0.0	1.0	20000.0
155	0.051	0.002	0.032	0.005	0.0	1.0	20000.0
156	0.0	0.0	0.0	0.0	0.0	1.0	30000.0
157	0.986	0.033	0.654	0.11	0.0	1.0	40000.0
158	0.226	0.007	0.147	0.026	0.0	1.0	50000.0
159	1.692	0.056	0.762	0.131	0.0	1.0	20000.0
160	0.817	0.027	0.578	0.096	0.0	1.0	40000.0
161	0.274	0.009	0.15	0.025	0.0	1.0	30000.0
162	0.0	0.0	0.0	0.0	0.0	1.0	20000.0
163	0.0	0.0	0.0	0.0	0.0	1.0	20000.0
164	0.586	0.019	0.335	0.056	0.0	1.0	50000.0
165	3.237	0.106	1.268	0.211	0.0	1.0	30000.0
166	0.0	0.0	0.0	0.0	0.0	1.0	40000.0
167	0.681	0.022	0.434	0.075	0.0	1.0	20000.0
168	0.0	0.0	0.0	0.0	0.0	1.0	30000.0
169	0.002	0.0	0.001	0.0	0.0	1.0	40000.0
170	0.333	0.011	0.235	0.04	0.0	1.0	20000.0
171	1.226	0.04	0.759	0.128	0.0	1.0	20000.0
172	0.0	0.0	0.0	0.0	0.0	1.0	30000.0
173	0.0	0.0	0.0	0.0	0.0	1.0	30000.0
174	1.114	0.036	0.646	0.111	0.0	1.0	60000.0
175	0.333	0.011	0.235	0.039	0.0	1.0	20000.0
176	0.0	0.0	0.0	0.0	0.0	1.0	30000.0
177	0.0	0.0	0.0	0.0	0.0	1.0	30000.0
178	0.529	0.018	0.289	0.05	0.0	1.0	80000.0
179	0.667	0.022	0.471	0.08	0.0	1.0	20000.0
180	0.83	0.027	0.485	0.081	0.0	1.0	20000.0
181	0.838	0.027	0.569	0.096	0.0	1.0	20000.0
182	1.307	0.043	0.831	0.144	0.0	1.0	80000.0
183	0.003	0.0	0.001	0.0	0.0	1.0	20000.0
184	0.0	0.0	0.0	0.0	0.0	1.0	30000.0
185	0.891	0.029	0.582	0.1	0.0	1.0	20000.0
186	0.862	0.028	0.53	0.09	0.0	1.0	70000.0
187	0.396	0.013	0.268	0.045	0.0	1.0	50000.0
188	0.934	0.03	0.595	0.098	0.0	1.0	20000.0
189	0.0	0.0	0.0	0.0	0.0	1.0	20000.0
190	0.943	0.031	0.517	0.089	0.0	1.0	30000.0
191	0.0	0.0	0.0	0.0	0.0	1.0	40000.0
192	0.19	0.006	0.123	0.021	0.0	1.0	40000.0
193	0.817	0.027	0.562	0.094	0.0	1.0	20000.0
194	0.0	0.0	0.0	0.0	0.0	1.0	40000.0
195	0.0	0.0	0.0	0.0	0.0	1.0	30000.0
196	1.003	0.033	0.61	0.102	0.0	1.0	40000.0
197	0.0	0.0	0.0	0.0	0.0	1.0	20000.0
198	0.49	0.016	0.339	0.057	0.0	1.0	30000.0
199	1.591	0.052	0.857	0.142	0.0	1.0	20000.0
200	1.55	0.051	1.003	0.169	0.0	1.0	20000.0
201	0.0	0.0	0.0	0.0	0.0	1.0	30000.0
202	1.067	0.035	0.754	0.127	0.0	1.0	20000.0
203	0.941	0.031	0.546	0.093	0.0	1.0	30000.0
204	1.901	0.062	0.987	0.168	0.0	1.0	20000.0
205	0.001	0.0	0.001	0.0	0.0	1.0	20000.0
206	0.798	0.026	0.431	0.074	0.0	1.0	20000.0
207	3.095	0.101	1.613	0.27	0.0	1.0	20000.0
208	2.905	0.095	1.471	0.258	0.0	1.0	20000.0
209	0.007	0.0	0.005	0.001	0.0	1.0	30000.0
210	1.484	0.049	0.82	0.139	0.0	1.0	40000.0
211	2.026	0.066	1.057	0.178	0.0	1.0	30000.0
212	0.0	0.0	0.0	0.0	0.0	1.0	30000.0
213	0.0	0.0	0.0	0.0	0.0	1.0	30000.0
214	2.349	0.077	1.137	0.194	0.0	1.0	40000.0
215	0.494	0.016	0.286	0.049	0.0	1.0	20000.0
216	0.016	0.001	0.01	0.002	0.0	1.0	40000.0
217	1.318	0.043	0.712	0.122	0.0	1.0	50000.0
218	0.0	0.0	0.0	0.0	0.0	1.0	20000.0
219	0.0	0.0	0.0	0.0	0.0	1.0	30000.0
220	0.0	0.0	0.0	0.0	0.0	1.0	30000.0
221	0.005	0.0	0.003	0.0	0.0	1.0	20000.0
222	0.398	0.013	0.251	0.044	0.0	1.0	30000.0
223	0.0	0.0	0.0	0.0	0.0	1.0	20000.0
224	3.34	0.11	1.763	0.301	0.0	1.0	20000.0
225	0.0	0.0	0.0	0.0	0.0	1.0	30000.0
226	0.626	0.021	0.399	0.067	0.0	1.0	20000.0
227	0.0	0.0	0.0	0.0	0.0	1.0	20000.0
228	0.293	0.01	0.207	0.036	0.0	1.0	50000.0
229	2.378	0.078	1.22	0.207	0.0	1.0	40000.0
230	0.0	0.0	0.0	0.0	0.0	1.0	30000.0
231	0.4	0.013	0.283	0.047	0.0	1.0	20000.0
232	0.388	0.012	0.251	0.043	0.0	1.0	20000.0
233	0.505	0.016	0.331	0.055	0.0	1.0	20000.0
234	2.049	0.067	1.0	0.173	0.0	1.0	20000.0
235	0.762	0.025	0.539	0.091	0.0	1.0	20000.0
236	0.0	0.0	0.0	0.0	0.0	1.0	30000.0
237	0.002	0.0	0.001	0.0	0.0	1.0	30000.0
238	0.001	0.0	0.001	0.0	0.0	1.0	40000.0
239	0.0	0.0	0.0	0.0	0.0	1.0	30000.0
240	0.0	0.0	0.0	0.0	0.0	1.0	20000.0
241	3.089	0.101	1.534	0.257	0.0	1.0	20000.0
242	1.425	0.047	0.834	0.144	0.0	1.0	50000.0
243	0.822	0.027	0.522	0.09	0.0	1.0	60000.0
244	0.72	0.024	0.437	0.074	0.0	1.0	20000.0
245	0.688	0.022	0.395	0.066	0.0	1.0	20000.0
246	0.914	0.03	0.442	0.077	0.0	1.0	40000.0
247	0.0	0.0	0.0	0.0	0.0	1.0	30000.0
248	0.0	0.0	0.0	0.0	0.0	1.0	20000.0
249	0.359	0.012	0.227	0.038	0.0	1.0	40000.0
250	0.0	0.0	0.0	0.0	0.0	1.0	30000.0
251	4.268	0.14	1.83	0.312	0.0	1.0	30000.0
252	0.0	0.0	0.0	0.0	0.0	1.0	40000.0
253	2.817	0.093	1.458	0.244	0.0	1.0	30000.0
254	0.192	0.006	0.135	0.024	0.0	1.0	30000.0
255	4.905	0.161	2.238	0.389	0.0	1.0	30000.0
256	0.0	0.0	0.0	0.0	0.0	1.0	20000.0
257	0.213	0.007	0.147	0.026	0.0	1.0	40000.0
258	0.032	0.001	0.022	0.003	0.0	1.0	40000.0
259	0.26	0.009	0.17	0.029	0.0	1.0	40000.0
260	1.739	0.057	0.926	0.158	0.0	1.0	20000.0
261	0.0	0.0	0.0	0.0	0.0	1.0	30000.0
262	0.0	0.0	0.0	0.0	0.0	1.0	40000.0
263	0.0	0.0	0.0	0.0	0.0	1.0	20000.0
264	0.0	0.0	0.0	0.0	0.0	1.0	30000.0
265	0.0	0.0	0.0	0.0	0.0	1.0	30000.0
266	1.585	0.052	0.854	0.147	0.0	1.0	40000.0
267	0.191	0.006	0.135	0.023	0.0	1.0	20000.0
268	0.421	0.014	0.282	0.047	0.0	1.0	30000.0
269	0.0	0.0	0.0	0.0	0.0	1.0	30000.0
270	0.0	0.0	0.0	0.0	0.0	1.0	30000.0
271	0.0	0.0	0.0	0.0	0.0	1.0	20000.0
272	0.0	0.0	0.0	0.0	0.0	1.0	30000.0
273	0.205	0.007	0.145	0.024	0.0	1.0	40000.0
274	4.378	0.143	2.121	0.355	0.0	1.0	20000.0
275	0.285	0.009	0.202	0.034	0.0	1.0	20000.0
276	0.0	0.0	0.0	0.0	0.0	1.0	20000.0
277	0.458	0.015	0.314	0.053	0.0	1.0	50000.0
278	1.004	0.033	0.708	0.12	0.0	1.0	30000.0
279	0.103	0.003	0.073	0.012	0.0	1.0	20000.0
280	0.771	0.025	0.394	0.066	0.0	1.0	50000.0
281	0.0	0.0	0.0	0.0	0.0	1.0	30000.0
282	0.748	0.024	0.395	0.066	0.0	1.0	50000.0
283	0.5	0.016	0.353	0.058	0.0	1.0	20000.0
284	1.187	0.039	0.669	0.116	0.0	1.0	40000.0
285	1.466	0.048	0.778	0.13	0.0	1.0	30000.0
286	0.0	0.0	0.0	0.0	0.0	1.0	20000.0
287	2.721	0.089	1.593	0.272	0.0	1.0	20000.0
288	0.965	0.032	0.602	0.104	0.0	1.0	40000.0
289	0.0	0.0	0.0	0.0	0.0	1.0	30000.0
290	0.0	0.0	0.0	0.0	0.0	1.0	20000.0
291	0.005	0.0	0.003	0.001	0.0	1.0	30000.0
292	0.0	0.0	0.0	0.0	0.0	1.0	20000.0
293	0.0	0.0	0.0	0.0	0.0	1.0	30000.0
294	1.699	0.056	1.136	0.192	0.0	1.0	20000.0
295	0.0	0.0	0.0	0.0	0.0	1.0	40000.0
296	2.279	0.075	0.919	0.156	0.0	1.0	20000.0
297	0.004	0.0	0.002	0.0	0.0	1.0	20000.0
298	1.03	0.034	0.515	0.088	0.0	1.0	30000.0
299	0.0	0.0	0.0	0.0	0.0	1.0	30000.0
300	0.0	0.0	0.0	0.0	0.0	1.0	20000.0
301	1.894	0.062	1.108	0.192	0.0	1.0	20000.0
302	0.0	0.0	0.0	0.0	0.0	1.0	30000.0
303	0.0	0.0	0.0	0.0	0.0	1.0	20000.0
304	2.23	0.073	1.136	0.195	0.0	1.0	20000.0
305	0.445	0.015	0.314	0.055	0.0	1.0	20000.0
306	0.078	0.003	0.055	0.009	0.0	1.0	30000.0
307	1.939	0.063	1.09	0.181	0.0	1.0	40000.0
308	0.125	0.004	0.086	0.014	0.0	1.0	30000.0
309	0.0	0.0	0.0	0.0	0.0	1.0	30000.0
310	0.0	0.0	0.0	0.0	0.0	1.0	20000.0
311	0.0	0.0	0.0	0.0	0.0	1.0	20000.0
312	0.0	0.0	0.0	0.0	0.0	1.0	30000.0
313	3.252	0.107	1.563	0.273	0.0	1.0	20000.0
314	0.267	0.009	0.189	0.032	0.0	1.0	30000.0
315	0.0	0.0	0.0	0.0	0.0	1.0	30000.0
316	0.326	0.011	0.211	0.035	0.0	1.0	30000.0
317	0.0	0.0	0.0	0.0	0.0	1.0	30000.0
318	0.0	0.0	0.0	0.0	0.0	1.0	20000.0
319	0.0	0.0	0.0	0.0	0.0	1.0	20000.0
320	0.148	0.005	0.105	0.018	0.0	1.0	30000.0
321	0.0	0.0	0.0	0.0	0.0	1.0	20000.0
322	0.393	0.013	0.27	0.045	0.0	1.0	30000.0
323	3.942	0.128	2.161	0.365	0.0	1.0	20000.0
324	0.0	0.0	0.0	0.0	0.0	1.0	20000.0
325	1.265	0.041	0.759	0.128	0.0	1.0	40000.0
326	0.152	0.005	0.1	0.017	0.0	1.0	20000.0
327	0.287	0.009	0.192	0.032	0.0	1.0	30000.0
328	5.809	0.19	2.455	0.412	0.0	1.0	20000.0
329	0.0	0.0	0.0	0.0	0.0	1.0	20000.0
330	0.0	0.0	0.0	0.0	0.0	1.0	30000.0
331	0.0	0.0	0.0	0.0	0.0	1.0	40000.0
332	0.0	0.0	0.0	0.0	0.0	1.0	20000.0
333	0.768	0.025	0.47	0.08	0.0	1.0	40000.0
334	0.0	0.0	0.0	0.0	0.0	1.0	30000.0
335	1.948	0.064	1.053	0.181	0.0	1.0	20000.0
336	0.0	0.0	0.0	0.0	0.0	1.0	20000.0
337	1.03	0.033	0.729	0.121	0.0	1.0	20000.0
338	0.0	0.0	0.0	0.0	0.0	1.0	20000.0
339	3.649	0.12	1.841	0.314	0.0	1.0	40000.0
340	0.0	0.0	0.0	0.0	0.0	1.0	20000.0
341	0.145	0.005	0.089	0.015	0.0	1.0	50000.0
342	0.375	0.012	0.253	0.043	0.0	1.0	60000.0
343	0.0	0.0	0.0	0.0	0.0	1.0	30000.0
344	0.0	0.0	0.0	0.0	0.0	1.0	20000.0
345	0.19	0.006	0.135	0.023	0.0	1.0	20000.0
346	0.281	0.009	0.199	0.034	0.0	1.0	20000.0
347	0.0	0.0	0.0	0.0	0.0	1.0	30000.0
348	0.058	0.002	0.041	0.007	0.0	1.0	30000.0
349	0.0	0.0	0.0	0.0	0.0	1.0	20000.0
350	3.096	0.102	1.578	0.276	0.0	1.0	20000.0
351	0.0	0.0	0.0	0.0	0.0	1.0	40000.0
352	0.595	0.02	0.367	0.063	0.0	1.0	50000.0
353	3.356	0.11	1.749	0.292	0.0	1.0	30000.0
354	1.333	0.044	0.943	0.163	0.0	1.0	20000.0
355	1.946	0.063	1.034	0.17	0.0	1.0	20000.0
356	0.0	0.0	0.0	0.0	0.0	1.0	30000.0
357	0.0	0.0	0.0	0.0	0.0	1.0	30000.0
358	0.364	0.012	0.257	0.045	0.0	1.0	20000.0
359	0.0	0.0	0.0	0.0	0.0	1.0	30000.0
360	0.508	0.017	0.291	0.05	0.0	1.0	20000.0
361	0.0	0.0	0.0	0.0	0.0	1.0	50000.0
362	0.0	0.0	0.0	0.0	0.0	1.0	30000.0
363	2.606	0.086	1.602	0.271	0.0	1.0	20000.0
364	0.0	0.0	0.0	0.0	0.0	1.0	30000.0
365	0.0	0.0	0.0	0.0	0.0	1.0	20000.0
366	0.506	0.017	0.293	0.05	0.0	1.0	30000.0
367	0.0	0.0	0.0	0.0	0.0	1.0	20000.0
368	0.148	0.005	0.088	0.015	0.0	1.0	30000.0
369	1.081	0.035	0.639	0.109	0.0	1.0	50000.0
370	0.333	0.011	0.235	0.04	0.0	1.0	40000.0
371	0.09	0.003	0.046	0.008	0.0	1.0	50000.0
372	0.0	0.0	0.0	0.0	0.0	1.0	30000.0
373	0.0	0.0	0.0	0.0	0.0	1.0	20000.0
374	4.285	0.14	2.036	0.346	0.0	1.0	20000.0
375	0.444	0.014	0.314	0.05	0.0	1.0	40000.0
376	2.414	0.079	1.251	0.213	0.0	1.0	20000.0
377	0.602	0.019	0.426	0.071	0.0	1.0	30000.0
378	0.124	0.004	0.081	0.014	0.0	1.0	30000.0
379	0.103	0.003	0.073	0.012	0.0	1.0	30000.0
380	0.047	0.001	0.033	0.006	0.0	1.0	30000.0
381	0.0	0.0	0.0	0.0	0.0	1.0	30000.0
382	0.87	0.028	0.434	0.073	0.0	1.0	50000.0
383	0.0	0.0	0.0	0.0	0.0	1.0	20000.0
384	1.566	0.051	0.806	0.137	0.0	1.0	40000.0
385	0.0	0.0	0.0	0.0	0.0	1.0	50000.0
386	0.333	0.011	0.235	0.041	0.0	1.0	30000.0
387	0.793	0.026	0.443	0.077	0.0	1.0	30000.0
388	0.072	0.002	0.047	0.008	0.0	1.0	50000.0
389	0.0	0.0	0.0	0.0	0.0	1.0	20000.0
390	0.0	0.0	0.0	0.0	0.0	1.0	20000.0
391	0.0	0.0	0.0	0.0	0.0	1.0	20000.0
392	0.79	0.025	0.559	0.095	0.0	1.0	20000.0
393	0.0	0.0	0.0	0.0	0.0	1.0	20000.0
394	0.0	0.0	0.0	0.0	0.0	1.0	40000.0
395	0.547	0.018	0.315	0.053	0.0	1.0	40000.0
396	0.698	0.023	0.427	0.073	0.0	1.0	20000.0
397	0.606	0.02	0.393	0.067	0.0	1.0	30000.0
398	0.0	0.0	0.0	0.0	0.0	1.0	20000.0
399	0.358	0.012	0.253	0.043	0.0	1.0	30000.0
400	0.773	0.025	0.401	0.069	0.0	1.0	20000.0
401	0.5	0.016	0.353	0.059	0.0	1.0	20000.0
402	0.4	0.013	0.283	0.046	0.0	1.0	20000.0
403	0.0	0.0	0.0	0.0	0.0	1.0	30000.0
404	4.092	0.134	2.089	0.351	0.0	1.0	30000.0
405	0.0	0.0	0.0	0.0	0.0	1.0	20000.0
406	0.03	0.001	0.021	0.004	0.0	1.0	30000.0
407	0.0	0.0	0.0	0.0	0.0	1.0	20000.0
408	0.0	0.0	0.0	0.0	0.0	1.0	40000.0
409	0.213	0.007	0.151	0.025	0.0	1.0	30000.0
410	1.673	0.055	0.886	0.15	0.0	1.0	20000.0
411	0.968	0.032	0.483	0.08	0.0	1.0	30000.0
412	0.419	0.013	0.296	0.049	0.0	1.0	40000.0
413	2.162	0.071	1.367	0.233	0.0	1.0	50000.0
414	0.0	0.0	0.0	0.0	0.0	1.0	20000.0
415	0.797	0.026	0.487	0.085	0.0	1.0	50000.0
416	0.0	0.0	0.0	0.0	0.0	1.0	20000.0
417	0.0	0.0	0.0	0.0	0.0	1.0	30000.0
418	0.667	0.022	0.471	0.082	0.0	1.0	30000.0
419	0.992	0.032	0.601	0.102	0.0	1.0	30000.0
420	0.0	0.0	0.0	0.0	0.0	1.0	30000.0
421	0.005	0.0	0.003	0.0	0.0	1.0	30000.0
422	1.271	0.042	0.827	0.146	0.0	1.0	20000.0
423	3.644	0.119	1.727	0.293	0.0	1.0	30000.0
424	0.464	0.015	0.318	0.055	0.0	1.0	20000.0
425	0.386	0.013	0.236	0.039	0.0	1.0	40000.0
426	5.454	0.179	2.327	0.392	0.0	1.0	20000.0
427	0.0	0.0	0.0	0.0	0.0	1.0	30000.0
428	0.372	0.012	0.257	0.043	0.0	1.0	30000.0
429	0.0	0.0	0.0	0.0	0.0	1.0	20000.0
430	0.0	0.0	0.0	0.0	0.0	1.0	30000.0
431	0.004	0.0	0.002	0.0	0.0	1.0	20000.0
432	0.0	0.0	0.0	0.0	0.0	1.0	30000.0
433	2.972	0.098	1.412	0.244	0.0	1.0	30000.0
434	0.223	0.007	0.157	0.027	0.0	1.0	20000.0
435	1.082	0.036	0.669	0.113	0.0	1.0	20000.0
436	0.0	0.0	0.0	0.0	0.0	1.0	20000.0
437	4.293	0.141	2.343	0.4	0.0	1.0	20000.0
438	0.0	0.0	0.0	0.0	0.0	1.0	40000.0
439	2.137	0.07	1.155	0.193	0.0	1.0	40000.0
440	0.439	0.014	0.3	0.05	0.0	1.0	50000.0
441	2.831	0.093	1.432	0.243	0.0	1.0	30000.0
442	0.267	0.009	0.189	0.032	0.0	1.0	20000.0
443	2.664	0.088	1.304	0.222	0.0	1.0	30000.0
444	1.337	0.044	0.864	0.144	0.0	1.0	30000.0
445	0.4	0.013	0.283	0.048	0.0	1.0	20000.0
446	0.456	0.015	0.323	0.054	0.0	1.0	80000.0
447	0.754	0.025	0.504	0.088	0.0	1.0	20000.0
448	2.188	0.072	1.152	0.197	0.0	1.0	20000.0
449	0.351	0.012	0.217	0.037	0.0	1.0	40000.0
450	0.416	0.014	0.274	0.047	0.0	1.0	40000.0
451	0.733	0.024	0.431	0.071	0.0	1.0	20000.0
452	0.0	0.0	0.0	0.0	0.0	1.0	20000.0
453	1.04	0.034	0.734	0.128	0.0	1.0	30000.0
454	1.143	0.037	0.743	0.128	0.0	1.0	20000.0
455	0.58	0.019	0.359	0.059	0.0	1.0	20000.0
456	0.0	0.0	0.0	0.0	0.0	1.0	20000.0
457	0.0	0.0	0.0	0.0	0.0	1.0	40000.0
458	0.0	0.0	0.0	0.0	0.0	1.0	30000.0
459	0.0	0.0	0.0	0.0	0.0	1.0	30000.0
460	2.213	0.072	1.23	0.205	0.0	1.0	20000.0
461	0.0	0.0	0.0	0.0	0.0	1.0	20000.0
462	0.0	0.0	0.0	0.0	0.0	1.0	20000.0
463	0.0	0.0	0.0	0.0	0.0	1.0	20000.0
464	0.0	0.0	0.0	0.0	0.0	1.0	40000.0
465	3.457	0.113	1.457	0.252	0.0	1.0	30000.0
466	0.214	0.007	0.136	0.023	0.0	1.0	40000.0
467	0.022	0.001	0.015	0.003	0.0	1.0	30000.0
468	0.0	0.0	0.0	0.0	0.0	1.0	30000.0
469	0.0	0.0	0.0	0.0	0.0	1.0	20000.0
470	0.0	0.0	0.0	0.0	0.0	1.0	20000.0
471	0.364	0.012	0.257	0.044	0.0	1.0	20000.0
472	0.0	0.0	0.0	0.0	0.0	1.0	20000.0
473	0.0	0.0	0.0	0.0	0.0	1.0	20000.0
474	0.0	0.0	0.0	0.0	0.0	1.0	30000.0
475	0.004	0.0	0.002	0.0	0.0	1.0	20000.0
476	2.514	0.082	1.24	0.209	0.0	1.0	20000.0
477	3.631	0.119	1.599	0.27	0.0	1.0	20000.0
478	0.006	0.0	0.004	0.001	0.0	1.0	20000.0
479	0.0	0.0	0.0	0.0	0.0	1.0	20000.0
480	0.667	0.022	0.351	0.059	0.0	1.0	20000.0
481	1.428	0.046	0.861	0.146	0.0	1.0	20000.0
482	0.741	0.024	0.501	0.085	0.0	1.0	50000.0
483	0.0	0.0	0.0	0.0	0.0	1.0	20000.0
484	1.83	0.06	0.916	0.153	0.0	1.0	50000.0
485	0.489	0.016	0.29	0.049	0.0	1.0	30000.0
486	0.0	0.0	0.0	0.0	0.0	1.0	20000.0
487	0.0	0.0	0.0	0.0	0.0	1.0	30000.0
488	0.0	0.0	0.0	0.0	0.0	1.0	40000.0
489	0.728	0.024	0.476	0.081	0.0	1.0	20000.0
490	0.399	0.013	0.275	0.046	0.0	1.0	40000.0
491	0.198	0.007	0.137	0.024	0.0	1.0	30000.0
492	0.0	0.0	0.0	0.0	0.0	1.0	30000.0
493	0.0	0.0	0.0	0.0	0.0	1.0	20000.0
494	0.0	0.0	0.0	0.0	0.0	1.0	20000.0
495	0.0	0.0	0.0	0.0	0.0	1.0	20000.0
496	0.148	0.005	0.105	0.018	0.0	1.0	30000.0
497	0.0	0.0	0.0	0.0	0.0	1.0	20000.0
498	4.845	0.159	1.734	0.296	0.0	1.0	30000.0
499	0.0	0.0	0.0	0.0	0.0	1.0	30000.0
500	1.702	0.056	0.896	0.155	0.0	1.0	30000.0
