NMF_Replicate	L1	L1 %	L2	L2 %	KL Divergence	Correlation	Convergence Iterations
1	1210.233	2.027	154.923	2.252	0.0	0.998	20000.0
2	1291.373	2.162	178.462	2.597	0.0	0.998	20000.0
3	1340.8	2.244	175.074	2.545	0.0	0.998	20000.0
4	1249.041	2.086	162.108	2.349	0.0	0.998	30000.0
5	1238.934	2.072	170.176	2.474	0.0	0.999	20000.0
6	1363.757	2.287	185.008	2.697	0.0	0.998	20000.0
7	1232.481	2.058	164.531	2.386	0.0	0.998	20000.0
8	1116.11	1.864	152.494	2.209	0.0	0.998	20000.0
9	1272.668	2.125	169.479	2.458	0.0	0.998	20000.0
10	1178.249	1.967	157.233	2.281	0.0	0.998	20000.0
11	1253.545	2.103	168.504	2.453	0.0	0.999	30000.0
12	1126.153	1.882	141.725	2.056	0.0	0.999	20000.0
13	1381.71	2.324	194.01	2.831	0.001	0.998	20000.0
14	1420.633	2.373	193.574	2.806	0.001	0.998	20000.0
15	1047.054	1.747	148.239	2.147	0.0	0.999	20000.0
16	1347.002	2.258	183.162	2.67	0.0	0.998	20000.0
17	1279.846	2.139	168.68	2.45	0.0	0.998	20000.0
18	1052.395	1.757	140.423	2.031	0.0	0.999	20000.0
19	1175.531	1.962	158.859	2.301	0.0	0.998	20000.0
20	1294.618	2.163	170.948	2.474	0.0	0.998	30000.0
21	1152.973	1.925	152.828	2.218	0.0	0.998	20000.0
22	1051.883	1.757	135.263	1.962	0.0	0.999	20000.0
23	1263.472	2.111	165.397	2.401	0.0	0.998	20000.0
24	1294.518	2.16	180.962	2.62	0.001	0.998	20000.0
25	1161.619	1.939	157.669	2.282	0.0	0.998	20000.0
26	1310.492	2.196	166.727	2.429	0.0	0.999	20000.0
27	1332.949	2.228	167.067	2.423	0.0	0.998	20000.0
28	1116.744	1.865	150.049	2.175	0.0	0.999	30000.0
29	1290.258	2.153	168.982	2.444	0.001	0.998	20000.0
30	1316.839	2.202	173.979	2.525	0.0	0.999	20000.0
31	1165.477	1.946	151.365	2.192	0.0	0.999	20000.0
32	1253.395	2.095	164.528	2.392	0.0	0.999	20000.0
33	1315.722	2.2	179.32	2.6	0.0	0.998	20000.0
34	1176.023	1.964	165.038	2.397	0.0	0.998	20000.0
35	1207.448	2.018	155.344	2.256	0.0	0.998	20000.0
36	1073.66	1.791	148.827	2.159	0.0	0.999	20000.0
37	1227.38	2.055	167.679	2.437	0.0	0.998	20000.0
38	1177.611	1.97	159.231	2.31	0.0	0.999	20000.0
39	1272.718	2.124	170.779	2.48	0.001	0.998	20000.0
40	1162.37	1.939	153.65	2.228	0.0	0.998	20000.0
41	1140.822	1.906	156.897	2.272	0.0	0.998	20000.0
42	1374.348	2.319	193.532	2.838	0.001	0.998	30000.0
43	1258.029	2.104	163.673	2.374	0.0	0.999	20000.0
44	1284.198	2.147	165.349	2.399	0.0	0.999	30000.0
45	1217.368	2.034	165.85	2.407	0.0	0.998	20000.0
46	1157.342	1.945	151.898	2.221	0.001	0.998	30000.0
47	1250.422	2.094	169.82	2.47	0.0	0.998	20000.0
48	1184.201	1.978	149.569	2.172	0.0	0.999	20000.0
49	1119.56	1.871	142.132	2.061	0.0	0.999	20000.0
50	1150.539	1.929	158.866	2.313	0.0	0.999	20000.0
51	1221.752	2.044	166.262	2.416	0.0	0.998	30000.0
52	1308.855	2.188	186.311	2.704	0.0	0.998	20000.0
53	1109.511	1.853	153.234	2.218	0.0	0.998	20000.0
54	1151.846	1.924	153.572	2.227	0.0	0.999	20000.0
55	1189.274	1.984	158.865	2.297	0.0	0.998	20000.0
56	1448.169	2.433	195.692	2.852	0.001	0.998	20000.0
57	1296.651	2.165	169.326	2.454	0.0	0.998	20000.0
58	1209.905	2.021	160.497	2.328	0.0	0.998	20000.0
59	1232.482	2.059	165.191	2.395	0.0	0.998	20000.0
60	1280.041	2.138	165.329	2.394	0.0	0.998	20000.0
61	1422.434	2.381	183.24	2.667	0.0	0.998	20000.0
62	1209.527	2.019	168.201	2.441	0.001	0.998	20000.0
63	1259.764	2.103	163.427	2.371	0.001	0.998	20000.0
64	1143.707	1.909	151.384	2.193	0.0	0.999	20000.0
65	1088.065	1.817	142.412	2.068	0.0	0.999	20000.0
66	1187.234	1.985	150.399	2.185	0.0	0.999	20000.0
67	1126.835	1.886	152.473	2.22	0.0	0.998	20000.0
68	1140.541	1.903	154.866	2.242	0.0	0.998	20000.0
69	1421.552	2.374	190.325	2.762	0.001	0.998	20000.0
70	1211.884	2.024	156.98	2.278	0.0	0.998	20000.0
71	1143.146	1.907	143.917	2.078	0.0	0.999	20000.0
72	1193.586	2.001	171.279	2.493	0.0	0.999	20000.0
73	1178.427	1.966	167.213	2.424	0.001	0.998	20000.0
74	1174.521	1.96	156.674	2.265	0.0	0.998	20000.0
75	1294.065	2.164	171.905	2.493	0.0	0.998	30000.0
76	1115.481	1.87	148.436	2.16	0.0	0.999	40000.0
77	1171.988	1.959	150.425	2.184	0.0	0.999	20000.0
78	1356.465	2.267	189.268	2.748	0.001	0.998	20000.0
79	1060.185	1.77	143.69	2.085	0.0	0.999	20000.0
80	1159.627	1.938	153.34	2.227	0.0	0.999	20000.0
81	1107.11	1.848	156.062	2.261	0.0	0.998	20000.0
82	1379.83	2.307	175.159	2.544	0.0	0.998	20000.0
83	1460.914	2.442	189.921	2.756	0.001	0.998	30000.0
84	1130.268	1.886	154.338	2.239	0.0	0.998	20000.0
85	1208.471	2.018	161.653	2.34	0.0	0.998	20000.0
86	1187.942	1.982	162.017	2.344	0.0	0.998	20000.0
87	1284.09	2.145	172.193	2.493	0.0	0.998	20000.0
88	1399.241	2.343	191.431	2.788	0.001	0.998	20000.0
89	1318.77	2.209	169.399	2.47	0.0	0.998	20000.0
90	1383.764	2.317	185.572	2.7	0.001	0.998	20000.0
91	1437.111	2.417	211.686	3.092	0.001	0.997	20000.0
92	1314.591	2.197	178.466	2.592	0.0	0.998	20000.0
93	1297.216	2.172	167.565	2.435	0.0	0.998	20000.0
94	1327.66	2.218	175.084	2.54	0.0	0.998	20000.0
95	1244.755	2.084	165.146	2.397	0.0	0.998	20000.0
96	1403.288	2.347	187.294	2.725	0.001	0.998	20000.0
97	1250.385	2.089	164.86	2.394	0.0	0.998	20000.0
98	1359.004	2.276	184.097	2.678	0.0	0.998	20000.0
99	1311.573	2.194	171.751	2.492	0.0	0.998	20000.0
100	1299.751	2.17	168.252	2.437	0.0	0.998	20000.0
101	1171.939	1.962	147.961	2.152	0.0	0.999	20000.0
102	1231.312	2.057	160.557	2.332	0.0	0.998	20000.0
103	1272.642	2.126	160.573	2.328	0.0	0.998	20000.0
104	1335.177	2.233	176.245	2.558	0.001	0.998	20000.0
105	1298.011	2.179	172.816	2.525	0.001	0.998	30000.0
106	1199.843	2.003	160.697	2.327	0.0	0.998	20000.0
107	1318.873	2.203	165.76	2.406	0.0	0.998	20000.0
108	1068.215	1.782	149.517	2.165	0.0	0.999	20000.0
109	1255.165	2.098	159.218	2.312	0.0	0.998	20000.0
110	1083.442	1.81	150.615	2.181	0.0	0.999	20000.0
111	1293.275	2.167	164.579	2.4	0.0	0.999	30000.0
112	1026.885	1.714	139.424	2.022	0.0	0.999	20000.0
113	1267.154	2.115	174.005	2.518	0.0	0.998	20000.0
114	1146.651	1.935	158.702	2.326	0.0	0.998	20000.0
115	1170.068	1.955	150.46	2.182	0.0	0.999	30000.0
116	1210.611	2.023	158.22	2.296	0.0	0.999	30000.0
117	1373.643	2.293	183.794	2.665	0.001	0.998	30000.0
118	1347.782	2.254	173.765	2.53	0.0	0.999	40000.0
119	1309.969	2.189	181.892	2.638	0.0	0.998	20000.0
120	1192.827	1.992	153.531	2.226	0.0	0.998	20000.0
121	1135.299	1.896	157.747	2.292	0.0	0.998	20000.0
122	1303.421	2.176	163.704	2.368	0.001	0.998	20000.0
123	1378.178	2.307	182.071	2.652	0.0	0.998	30000.0
124	1224.427	2.046	161.83	2.348	0.0	0.998	30000.0
125	1161.522	1.943	160.736	2.336	0.0	0.999	20000.0
126	1472.487	2.468	189.034	2.754	0.001	0.998	20000.0
127	1194.694	1.995	158.27	2.297	0.0	0.998	20000.0
128	1242.254	2.08	153.836	2.237	0.0	0.998	20000.0
129	1164.45	1.948	153.803	2.233	0.0	0.998	20000.0
130	1131.59	1.891	152.647	2.214	0.0	0.999	20000.0
131	1479.217	2.479	190.423	2.773	0.001	0.998	20000.0
132	1388.107	2.322	178.164	2.583	0.001	0.998	20000.0
133	1274.304	2.129	164.614	2.387	0.0	0.998	20000.0
134	1363.438	2.277	186.199	2.695	0.001	0.998	20000.0
135	1128.413	1.882	148.958	2.157	0.0	0.999	20000.0
136	1285.147	2.144	161.275	2.337	0.0	0.998	20000.0
137	1136.607	1.897	156.499	2.265	0.0	0.998	20000.0
138	1194.104	1.994	161.769	2.345	0.0	0.998	20000.0
139	1328.911	2.225	179.035	2.604	0.0	0.998	30000.0
140	1414.222	2.366	187.15	2.725	0.001	0.998	20000.0
141	1154.786	1.929	163.737	2.376	0.0	0.998	20000.0
142	1381.534	2.312	177.726	2.58	0.0	0.998	20000.0
143	1278.342	2.134	172.306	2.495	0.0	0.998	20000.0
144	1339.379	2.237	183.854	2.667	0.001	0.998	20000.0
145	1085.357	1.813	145.284	2.106	0.0	0.999	20000.0
146	1243.229	2.077	170.15	2.468	0.0	0.998	20000.0
147	1209.954	2.021	151.72	2.203	0.0	0.998	20000.0
148	1214.997	2.027	168.121	2.428	0.0	0.998	20000.0
149	1149.73	1.918	154.566	2.238	0.0	0.999	30000.0
150	1290.042	2.152	177.379	2.567	0.001	0.998	20000.0
151	1062.917	1.775	145.427	2.111	0.0	0.999	20000.0
152	1149.341	1.92	160.172	2.321	0.0	0.998	20000.0
153	1325.046	2.234	178.713	2.619	0.0	0.998	20000.0
154	1316.223	2.211	182.551	2.661	0.0	0.998	20000.0
155	1298.735	2.171	162.84	2.364	0.0	0.999	20000.0
156	1076.485	1.802	162.958	2.363	0.0	0.998	20000.0
157	1234.244	2.07	166.478	2.427	0.0	0.998	20000.0
158	1101.286	1.837	152.459	2.205	0.0	0.999	20000.0
159	1248.36	2.088	173.927	2.527	0.0	0.999	20000.0
160	1401.87	2.35	181.679	2.647	0.0	0.998	20000.0
161	1077.668	1.799	143.666	2.078	0.0	0.999	20000.0
162	1338.693	2.235	179.965	2.605	0.001	0.998	20000.0
163	1263.524	2.111	166.981	2.425	0.0	0.998	30000.0
164	1220.839	2.038	155.23	2.248	0.0	0.998	20000.0
165	1101.101	1.837	147.379	2.136	0.0	0.999	20000.0
166	1302.371	2.189	167.981	2.45	0.0	0.998	30000.0
167	1003.072	1.674	143.327	2.074	0.0	0.999	40000.0
168	1412.085	2.362	181.439	2.633	0.001	0.998	20000.0
169	1217.069	2.034	167.026	2.424	0.0	0.998	20000.0
170	1039.672	1.736	149.227	2.165	0.0	0.999	20000.0
171	1367.545	2.29	179.545	2.618	0.0	0.998	20000.0
172	1218.955	2.042	158.477	2.306	0.0	0.998	20000.0
173	1258.922	2.103	174.687	2.526	0.001	0.998	20000.0
174	1163.169	1.94	157.316	2.281	0.0	0.998	20000.0
175	1055.01	1.76	140.88	2.039	0.0	0.999	20000.0
176	1194.241	1.993	152.185	2.201	0.0	0.999	20000.0
177	1275.271	2.136	175.695	2.555	0.0	0.998	20000.0
178	1168.207	1.952	149.424	2.166	0.0	0.999	20000.0
179	1218.716	2.035	171.107	2.474	0.0	0.998	20000.0
180	1140.951	1.903	150.963	2.183	0.0	0.999	20000.0
181	1474.556	2.466	189.349	2.753	0.001	0.998	20000.0
182	1158.937	1.934	153.069	2.221	0.0	0.998	20000.0
183	1241.381	2.074	162.136	2.355	0.0	0.998	20000.0
184	1440.226	2.409	181.904	2.64	0.001	0.998	20000.0
185	1234.197	2.059	157.632	2.284	0.001	0.998	20000.0
186	1225.296	2.048	166.786	2.423	0.0	0.998	20000.0
187	1051.879	1.755	136.981	1.981	0.0	0.999	20000.0
188	1270.306	2.126	157.65	2.291	0.0	0.998	20000.0
189	1086.805	1.835	161.818	2.373	0.0	0.998	20000.0
190	1424.714	2.381	198.274	2.879	0.001	0.998	30000.0
191	1232.877	2.061	167.956	2.438	0.0	0.999	20000.0
192	1170.284	1.953	153.733	2.228	0.0	0.998	20000.0
193	1144.605	1.91	151.386	2.195	0.0	0.999	30000.0
194	1241.728	2.074	162.262	2.353	0.0	0.998	20000.0
195	1030.716	1.721	134.753	1.953	0.0	0.999	20000.0
196	1225.01	2.045	157.932	2.291	0.0	0.998	20000.0
197	1134.436	1.892	164.678	2.384	0.0	0.998	20000.0
198	1089.869	1.82	145.9	2.113	0.0	0.999	30000.0
199	1051.533	1.756	140.911	2.041	0.0	0.999	20000.0
200	1109.054	1.852	146.213	2.118	0.0	0.999	30000.0
201	1066.612	1.779	144.922	2.1	0.0	0.999	30000.0
202	1410.458	2.357	187.664	2.724	0.001	0.998	20000.0
203	1318.677	2.208	173.836	2.528	0.0	0.998	20000.0
204	1159.942	1.939	158.396	2.303	0.0	0.998	20000.0
205	1331.794	2.228	179.19	2.602	0.001	0.998	20000.0
206	1258.252	2.104	162.048	2.355	0.0	0.999	20000.0
207	1216.822	2.045	178.563	2.603	0.0	0.998	20000.0
208	1134.058	1.898	160.953	2.344	0.0	0.998	20000.0
209	1234.57	2.063	161.249	2.346	0.0	0.998	20000.0
210	1036.581	1.731	143.796	2.081	0.0	0.999	20000.0
211	1116.619	1.865	149.57	2.169	0.0	0.999	20000.0
212	1197.362	1.999	161.448	2.34	0.0	0.998	20000.0
213	1236.178	2.069	153.255	2.23	0.0	0.998	20000.0
214	1350.007	2.257	182.766	2.649	0.001	0.998	30000.0
215	1073.913	1.793	141.971	2.058	0.0	0.999	20000.0
216	1201.51	2.008	161.722	2.344	0.0	0.999	30000.0
217	1176.495	1.972	166.954	2.437	0.0	0.999	20000.0
218	1338.371	2.237	168.384	2.446	0.0	0.998	20000.0
219	1280.635	2.14	159.689	2.316	0.0	0.999	20000.0
220	1095.78	1.828	152.628	2.208	0.0	0.999	20000.0
221	1235.551	2.065	159.539	2.314	0.0	0.999	20000.0
222	1108.76	1.851	152.999	2.216	0.0	0.999	20000.0
223	1207.143	2.015	156.82	2.272	0.0	0.998	20000.0
224	1089.948	1.821	155.507	2.254	0.0	0.998	20000.0
225	1257.136	2.099	169.507	2.455	0.0	0.998	20000.0
226	1305.632	2.18	166.48	2.419	0.0	0.998	30000.0
227	1186.478	1.983	157.815	2.292	0.0	0.999	60000.0
228	1261.465	2.106	174.159	2.523	0.0	0.998	20000.0
229	1509.546	2.529	189.289	2.758	0.001	0.998	20000.0
230	1080.095	1.808	149.861	2.179	0.0	0.999	20000.0
231	1127.896	1.882	149.681	2.17	0.0	0.999	30000.0
232	1117.147	1.868	150.601	2.183	0.0	0.999	20000.0
233	1249.302	2.094	166.823	2.43	0.0	0.999	20000.0
234	1168.033	1.95	158.672	2.297	0.0	0.998	20000.0
235	1328.564	2.221	174.904	2.537	0.0	0.998	20000.0
236	1277.517	2.14	165.594	2.408	0.0	0.998	20000.0
237	1309.743	2.186	173.647	2.514	0.0	0.998	20000.0
238	1337.922	2.234	175.692	2.548	0.001	0.998	20000.0
239	1250.902	2.105	169.637	2.485	0.001	0.998	30000.0
240	1249.523	2.091	168.913	2.459	0.0	0.998	20000.0
241	1116.042	1.862	157.212	2.276	0.0	0.998	20000.0
242	1239.108	2.069	157.416	2.282	0.0	0.998	20000.0
243	1327.311	2.218	181.845	2.64	0.001	0.998	20000.0
244	1341.728	2.241	174.501	2.533	0.001	0.998	20000.0
245	1418.252	2.373	184.789	2.682	0.0	0.998	20000.0
246	1196.761	1.999	156.501	2.269	0.0	0.998	30000.0
247	1151.77	1.922	152.374	2.206	0.0	0.999	20000.0
248	1007.012	1.683	134.918	1.961	0.0	0.999	30000.0
249	1250.114	2.085	169.909	2.457	0.001	0.998	20000.0
250	1102.079	1.839	141.045	2.045	0.0	0.999	20000.0
251	1239.409	2.071	161.924	2.35	0.0	0.998	20000.0
252	1255.684	2.099	161.982	2.354	0.0	0.999	20000.0
253	1328.892	2.223	167.925	2.442	0.0	0.999	20000.0
254	1200.693	2.007	161.606	2.344	0.0	0.998	20000.0
255	1079.069	1.802	145.365	2.108	0.0	0.999	20000.0
256	1218.653	2.04	155.543	2.262	0.0	0.998	20000.0
257	1237.332	2.068	168.811	2.45	0.0	0.998	20000.0
258	1320.467	2.205	175.913	2.548	0.001	0.998	20000.0
259	1111.931	1.856	151.528	2.196	0.0	0.999	20000.0
260	1170.393	1.954	162.12	2.347	0.0	0.998	20000.0
261	1208.805	2.019	158.151	2.291	0.0	0.998	30000.0
262	1212.355	2.027	163.172	2.37	0.0	0.999	20000.0
263	1137.448	1.899	147.981	2.143	0.0	0.999	20000.0
264	1466.428	2.458	195.117	2.848	0.001	0.998	20000.0
265	1151.439	1.931	159.356	2.33	0.0	0.998	20000.0
266	1312.959	2.205	189.505	2.764	0.0	0.998	40000.0
267	1294.31	2.162	161.073	2.332	0.0	0.998	20000.0
268	1306.791	2.193	190.034	2.769	0.001	0.998	20000.0
269	1148.418	1.916	157.562	2.28	0.0	0.998	20000.0
270	1279.58	2.139	163.063	2.366	0.0	0.999	20000.0
271	1158.879	1.934	149.698	2.173	0.0	0.999	20000.0
272	1282.551	2.145	170.467	2.48	0.001	0.998	20000.0
273	1299.541	2.171	167.563	2.431	0.0	0.998	20000.0
274	1168.108	1.955	151.686	2.205	0.0	0.998	20000.0
275	1121.8	1.877	156.266	2.272	0.0	0.998	20000.0
276	1314.19	2.198	174.036	2.532	0.0	0.998	20000.0
277	1278.073	2.139	169.355	2.469	0.0	0.998	20000.0
278	1233.47	2.07	165.201	2.408	0.0	0.998	30000.0
279	1198.797	2.004	156.427	2.268	0.0	0.999	20000.0
280	1212.283	2.027	159.584	2.323	0.0	0.999	20000.0
281	1258.881	2.105	164.688	2.395	0.0	0.999	40000.0
282	1126.258	1.881	152.287	2.209	0.0	0.998	20000.0
283	1060.622	1.771	149.23	2.166	0.0	0.999	20000.0
284	1192.964	1.992	165.508	2.399	0.0	0.998	20000.0
285	1276.894	2.135	165.639	2.408	0.0	0.999	30000.0
286	1355.679	2.279	200.411	2.937	0.001	0.997	20000.0
287	1183.767	1.976	153.754	2.225	0.0	0.998	20000.0
288	1288.019	2.156	170.276	2.475	0.001	0.998	20000.0
289	1286.069	2.154	178.049	2.59	0.0	0.998	20000.0
290	1165.88	1.95	148.625	2.157	0.0	0.999	20000.0
291	1259.25	2.102	173.719	2.515	0.0	0.998	30000.0
292	984.378	1.642	134.407	1.944	0.0	0.999	20000.0
293	1276.662	2.132	174.526	2.526	0.0	0.998	20000.0
294	1104.497	1.851	159.135	2.316	0.0	0.999	20000.0
295	1425.645	2.386	188.594	2.738	0.001	0.998	20000.0
296	1391.048	2.33	186.835	2.723	0.001	0.998	20000.0
297	1180.648	1.972	154.113	2.233	0.0	0.998	20000.0
298	1211.51	2.027	159.274	2.316	0.0	0.998	20000.0
299	1261.472	2.105	164.249	2.382	0.001	0.998	20000.0
300	1231.836	2.055	162.957	2.354	0.0	0.998	20000.0
301	1215.123	2.027	159.209	2.306	0.001	0.998	20000.0
302	1085.049	1.813	145.964	2.119	0.0	0.999	20000.0
303	1248.129	2.084	163.186	2.367	0.0	0.998	20000.0
304	1227.157	2.052	162.316	2.359	0.0	0.999	20000.0
305	1309.809	2.194	181.081	2.635	0.001	0.998	20000.0
306	1190.597	1.99	156.195	2.265	0.0	0.998	20000.0
307	1193.811	1.996	155.525	2.259	0.0	0.999	20000.0
308	1169.707	1.977	171.119	2.512	0.001	0.998	20000.0
309	1094.726	1.83	139.296	2.024	0.0	0.999	20000.0
310	1154.273	1.931	154.624	2.25	0.0	0.999	20000.0
311	1221.728	2.04	155.555	2.252	0.0	0.998	20000.0
312	1101.837	1.839	145.673	2.109	0.0	0.999	20000.0
313	1105.942	1.849	150.358	2.182	0.0	0.999	20000.0
314	1102.485	1.846	142.628	2.073	0.0	0.999	20000.0
315	1426.08	2.384	188.14	2.728	0.0	0.998	30000.0
316	1117.9	1.866	147.955	2.14	0.0	0.999	20000.0
317	1155.331	1.931	154.707	2.241	0.0	0.998	20000.0
318	1303.945	2.175	173.267	2.509	0.001	0.998	30000.0
319	1434.09	2.396	194.865	2.826	0.001	0.998	20000.0
320	1260.86	2.107	167.302	2.431	0.0	0.998	20000.0
321	1396.303	2.34	181.889	2.656	0.0	0.998	20000.0
322	1170.37	1.964	166.953	2.432	0.0	0.998	30000.0
323	1229.938	2.054	162.575	2.358	0.001	0.998	20000.0
324	1255.29	2.105	164.869	2.404	0.0	0.998	40000.0
325	1170.3	1.953	150.769	2.186	0.0	0.999	20000.0
326	1221.117	2.04	165.942	2.402	0.0	0.998	30000.0
327	1094.533	1.827	145.853	2.111	0.0	0.999	20000.0
328	1275.659	2.139	169.028	2.461	0.0	0.998	20000.0
329	1002.257	1.674	130.483	1.894	0.0	0.999	30000.0
330	1191.316	1.989	156.337	2.271	0.0	0.998	30000.0
331	1265.336	2.114	169.714	2.459	0.0	0.998	30000.0
332	1103.947	1.843	139.599	2.018	0.0	0.999	20000.0
333	1027.637	1.715	146.124	2.111	0.0	0.999	30000.0
334	1365.727	2.286	174.324	2.536	0.0	0.998	20000.0
335	1290.215	2.154	173.678	2.514	0.0	0.998	20000.0
336	1144.657	1.911	154.588	2.243	0.0	0.998	20000.0
337	1321.696	2.208	172.798	2.508	0.0	0.998	20000.0
338	1208.021	2.02	159.001	2.312	0.0	0.999	20000.0
339	1231.134	2.056	162.053	2.346	0.0	0.998	20000.0
340	1342.329	2.25	178.657	2.603	0.0	0.998	20000.0
341	1273.789	2.128	162.906	2.363	0.0	0.998	20000.0
342	1311.911	2.195	159.179	2.318	0.0	0.998	20000.0
343	1155.69	1.934	161.411	2.346	0.0	0.998	20000.0
344	1363.224	2.283	186.696	2.717	0.0	0.998	20000.0
345	1189.748	1.987	160.763	2.335	0.0	0.998	30000.0
346	1116.615	1.863	146.535	2.119	0.0	0.999	30000.0
347	1151.155	1.928	157.763	2.291	0.0	0.999	30000.0
348	1182.772	1.973	155.952	2.256	0.0	0.998	20000.0
349	1350.057	2.255	174.5	2.527	0.001	0.998	20000.0
350	1087.137	1.815	142.809	2.069	0.0	0.999	20000.0
351	1377.221	2.307	186.299	2.707	0.001	0.998	30000.0
352	1028.29	1.717	135.391	1.966	0.0	0.999	20000.0
353	1263.363	2.111	164.362	2.385	0.0	0.998	20000.0
354	1190.557	1.987	150.925	2.186	0.0	0.999	20000.0
355	1280.952	2.139	173.788	2.52	0.0	0.998	20000.0
356	1436.811	2.402	184.376	2.682	0.001	0.998	20000.0
357	1114.629	1.86	148.949	2.157	0.0	0.999	20000.0
358	1117.359	1.865	147.537	2.137	0.0	0.999	20000.0
359	1203.817	2.011	169.825	2.461	0.0	0.998	20000.0
360	1031.841	1.721	139.075	2.018	0.0	0.999	20000.0
361	1205.365	2.013	158.509	2.295	0.0	0.998	20000.0
362	1192.153	1.999	160.654	2.339	0.0	0.999	20000.0
363	1250.717	2.1	176.142	2.567	0.001	0.998	60000.0
364	1401.057	2.339	187.213	2.712	0.001	0.998	20000.0
365	1189.624	1.992	163.832	2.384	0.0	0.998	20000.0
366	1438.364	2.406	192.456	2.805	0.001	0.998	20000.0
367	1132.724	1.89	150.212	2.173	0.0	0.999	20000.0
368	1234.862	2.066	176.212	2.562	0.0	0.998	20000.0
369	1112.031	1.855	145.336	2.101	0.0	0.999	20000.0
370	1061.705	1.772	144.737	2.096	0.0	0.999	20000.0
371	1065.385	1.778	131.925	1.911	0.0	0.999	20000.0
372	1327.036	2.215	174.692	2.53	0.001	0.998	20000.0
373	1153.02	1.924	149.569	2.164	0.0	0.999	20000.0
374	984.509	1.644	130.525	1.891	0.0	0.999	20000.0
375	1220.36	2.048	170.721	2.491	0.0	0.998	30000.0
376	1183.938	1.977	171.001	2.474	0.0	0.998	20000.0
377	1312.543	2.191	171.613	2.487	0.001	0.998	20000.0
378	1300.231	2.176	171.989	2.499	0.0	0.998	20000.0
379	1095.079	1.828	147.761	2.14	0.0	0.999	20000.0
380	1114.099	1.861	152.707	2.214	0.0	0.999	20000.0
381	1226.252	2.046	156.814	2.27	0.0	0.998	20000.0
382	1130.368	1.887	151.943	2.201	0.0	0.999	20000.0
383	1158.715	1.935	149.628	2.169	0.0	0.999	20000.0
384	1369.081	2.287	180.693	2.621	0.001	0.998	20000.0
385	1271.941	2.123	164.265	2.379	0.0	0.998	20000.0
386	1321.546	2.22	171.519	2.502	0.0	0.998	20000.0
387	1350.056	2.26	180.358	2.625	0.0	0.998	20000.0
388	1268.828	2.124	164.691	2.392	0.0	0.998	20000.0
389	1228.582	2.053	158.486	2.299	0.0	0.999	20000.0
390	1293.534	2.16	173.849	2.52	0.0	0.998	20000.0
391	1226.767	2.047	170.746	2.47	0.001	0.998	20000.0
392	1215.235	2.027	162.636	2.352	0.001	0.998	20000.0
393	1200.057	2.007	158.466	2.299	0.0	0.999	30000.0
394	1341.369	2.245	176.34	2.568	0.0	0.998	20000.0
395	1281.553	2.141	185.982	2.699	0.0	0.998	20000.0
396	1343.262	2.245	174.911	2.541	0.0	0.998	20000.0
397	1367.003	2.286	172.053	2.496	0.0	0.999	30000.0
398	1055.216	1.761	140.386	2.032	0.0	0.999	20000.0
399	1206.453	2.013	158.838	2.298	0.0	0.998	20000.0
400	1320.8	2.21	172.727	2.517	0.0	0.998	20000.0
401	1295.538	2.168	170.816	2.482	0.0	0.998	20000.0
402	1333.269	2.226	181.212	2.627	0.001	0.998	20000.0
403	1199.162	2.003	157.654	2.285	0.0	0.998	20000.0
404	1341.485	2.242	173.618	2.522	0.0	0.998	20000.0
405	1254.737	2.098	161.798	2.35	0.0	0.999	20000.0
406	1274.695	2.14	172.715	2.522	0.0	0.998	30000.0
407	1261.383	2.112	169.019	2.462	0.0	0.998	20000.0
408	1309.422	2.193	169.023	2.461	0.0	0.998	20000.0
409	1358.63	2.279	186.627	2.715	0.0	0.998	20000.0
410	1114.502	1.861	151.955	2.2	0.0	0.999	30000.0
411	1171.733	1.959	156.167	2.273	0.0	0.999	20000.0
412	1217.783	2.032	165.537	2.396	0.0	0.998	20000.0
413	1191.363	1.995	160.357	2.333	0.0	0.998	20000.0
414	1176.145	1.965	154.977	2.249	0.0	0.999	20000.0
415	1272.194	2.125	167.489	2.435	0.0	0.998	20000.0
416	1164.755	1.949	151.484	2.199	0.0	0.999	20000.0
417	1199.011	2.003	154.395	2.234	0.0	0.999	20000.0
418	1129.753	1.887	153.571	2.23	0.0	0.998	20000.0
419	964.746	1.611	127.49	1.847	0.0	0.999	20000.0
420	1087.064	1.816	141.403	2.052	0.0	0.999	20000.0
421	1122.653	1.875	152.729	2.215	0.0	0.998	20000.0
422	1194.72	2.009	158.735	2.322	0.0	0.998	20000.0
423	1155.536	1.931	158.654	2.303	0.0	0.998	20000.0
424	1302.381	2.177	170.068	2.471	0.0	0.998	20000.0
425	1176.076	1.964	157.748	2.285	0.0	0.998	20000.0
426	1190.996	1.989	161.104	2.335	0.0	0.998	20000.0
427	1354.151	2.265	173.478	2.522	0.0	0.999	20000.0
428	1310.722	2.192	179.17	2.602	0.001	0.998	20000.0
429	1252.142	2.091	169.778	2.466	0.0	0.998	30000.0
430	1248.485	2.088	162.251	2.359	0.0	0.999	20000.0
431	1167.112	1.948	154.825	2.245	0.0	0.998	30000.0
432	1236.938	2.065	174.869	2.536	0.0	0.998	20000.0
433	1099.425	1.839	148.312	2.152	0.0	0.999	20000.0
434	1181.808	1.978	164.901	2.4	0.0	0.998	20000.0
435	1253.972	2.099	173.873	2.529	0.0	0.998	20000.0
436	1137.83	1.9	151.404	2.202	0.0	0.999	20000.0
437	1107.831	1.848	143.714	2.078	0.0	0.999	20000.0
438	1249.922	2.09	172.952	2.514	0.0	0.998	30000.0
439	1112.038	1.858	149.35	2.168	0.0	0.999	20000.0
440	1247.058	2.083	164.538	2.385	0.0	0.998	20000.0
441	1210.465	2.022	152.508	2.208	0.0	0.999	20000.0
442	1417.696	2.382	216.493	3.157	0.001	0.998	40000.0
443	1098.961	1.835	147.676	2.141	0.0	0.999	20000.0
444	1166.57	1.946	153.039	2.219	0.0	0.998	20000.0
445	1317.096	2.205	174.446	2.541	0.0	0.998	20000.0
446	1100.844	1.84	146.081	2.12	0.0	0.999	30000.0
447	1334.751	2.228	171.934	2.488	0.001	0.998	20000.0
448	1228.686	2.051	173.455	2.517	0.0	0.998	20000.0
449	1322.414	2.213	177.677	2.584	0.0	0.998	20000.0
450	1463.248	2.449	189.859	2.766	0.001	0.998	20000.0
451	1130.52	1.887	148.316	2.146	0.0	0.999	20000.0
452	1134.536	1.894	157.061	2.279	0.0	0.998	20000.0
453	1198.893	2.009	165.273	2.408	0.0	0.999	20000.0
454	1356.948	2.271	178.199	2.588	0.0	0.998	20000.0
455	1318.54	2.221	187.829	2.753	0.001	0.998	20000.0
456	1203.905	2.01	163.613	2.365	0.0	0.998	20000.0
457	1147.658	1.915	152.087	2.195	0.0	0.999	20000.0
458	988.742	1.649	136.262	1.97	0.0	0.999	20000.0
459	1206.114	2.015	165.221	2.397	0.0	0.998	20000.0
460	1120.364	1.87	149.023	2.154	0.0	0.999	50000.0
461	1162.648	1.941	162.519	2.359	0.0	0.998	40000.0
462	1249.323	2.09	162.948	2.367	0.0	0.998	20000.0
463	1145.828	1.923	151.603	2.214	0.0	0.998	30000.0
464	1140.232	1.903	144.267	2.092	0.0	0.999	30000.0
465	1327.719	2.219	174.142	2.524	0.001	0.998	20000.0
466	1239.847	2.073	159.322	2.31	0.0	0.998	20000.0
467	1109.203	1.851	139.932	2.03	0.0	0.999	20000.0
468	1143.828	1.911	148.224	2.15	0.0	0.999	20000.0
469	1250.367	2.097	172.033	2.503	0.0	0.999	20000.0
470	1272.205	2.131	170.057	2.473	0.0	0.998	20000.0
471	1290.383	2.162	165.343	2.403	0.0	0.999	20000.0
472	1301.817	2.177	174.068	2.529	0.0	0.999	20000.0
473	1370.919	2.3	185.591	2.701	0.0	0.998	20000.0
474	1384.997	2.312	203.255	2.944	0.001	0.998	30000.0
475	1297.342	2.165	165.224	2.393	0.001	0.998	20000.0
476	1314.114	2.199	169.907	2.465	0.0	0.998	20000.0
477	1091.489	1.821	146.382	2.12	0.0	0.999	20000.0
478	1211.448	2.022	151.304	2.19	0.0	0.999	20000.0
479	1245.909	2.083	169.633	2.462	0.0	0.998	20000.0
480	1294.556	2.159	160.909	2.331	0.0	0.998	30000.0
481	1136.837	1.899	158.9	2.304	0.0	0.998	20000.0
482	1186.891	1.985	154.831	2.248	0.0	0.999	20000.0
483	1097.472	1.831	136.378	1.976	0.0	0.999	20000.0
484	1124.654	1.881	147.476	2.142	0.0	0.999	20000.0
485	1161.767	1.938	153.301	2.223	0.0	0.998	20000.0
486	1206.956	2.016	154.417	2.238	0.0	0.998	20000.0
487	1317.496	2.202	170.156	2.471	0.0	0.998	30000.0
488	1259.054	2.102	169.341	2.458	0.0	0.998	20000.0
489	1195.801	2.0	161.479	2.347	0.0	0.999	20000.0
490	1347.492	2.249	178.643	2.591	0.001	0.998	20000.0
491	1302.066	2.175	173.244	2.513	0.0	0.998	20000.0
492	1239.663	2.07	165.654	2.398	0.0	0.998	20000.0
493	1262.698	2.112	160.692	2.339	0.0	0.999	20000.0
494	1052.251	1.757	147.756	2.146	0.0	0.999	20000.0
495	1170.482	1.954	157.64	2.287	0.0	0.998	30000.0
496	1178.148	1.968	155.495	2.255	0.0	0.998	20000.0
497	1490.626	2.494	188.556	2.737	0.001	0.998	20000.0
498	1174.697	1.962	166.129	2.405	0.0	0.998	20000.0
499	1102.765	1.845	150.019	2.179	0.0	0.999	20000.0
500	1171.936	1.96	149.383	2.171	0.0	0.999	20000.0
